#Total No. of N-Gram Types: 4462
#Total No. of N-Gram Tokens: 70423
1	9005	1	punct
2	5111	1	noun
3	4913	1	verb
4	3849	1	pron
5	3090	1	part
6	3017	1	adv
7	2530	1	adp
8	1677	1	cconj
9	1551	1	adj
10	1440	1	det
11	890	1	и
12	860	1	я
13	748	1	intj
14	746	1	sconj
15	714	1	в
16	677	1	вот
17	665	1	быть
18	627	1	не
19	621	1	а
20	569	1	то
21	565	1	propn
22	538	1	num
23	535	1	что
24	493	1	aux
25	480	1	это
26	464	1	ну
27	457	1	да
28	374	1	мы
29	369	1	на
30	335	1	как
31	328	1	у
32	290	1	он
33	287	1	с
34	281	1	вы
35	257	1	там
36	250	1	этот
37	243	1	x
38	211	1	все
39	200	1	она
40	200	1	так
41	199	1	они
42	198	1	ты
43	184	1	говорить
44	168	1	по
45	166	1	такой
46	165	1	ээ
47	160	1	весь
48	160	1	год
49	159	1	какой
50	147	1	знать
51	145	1	уже
52	143	1	нрзб
53	116	1	человек
54	113	1	эээ
55	111	1	но
56	110	1	бы
57	110	1	э
58	106	1	к
59	105	1	который
60	105	1	сказать
61	103	1	когда
62	103	1	мочь
63	94	1	очень
64	93	1	же
65	91	1	потому
66	91	1	тот
67	90	1	за
68	88	1	кто
69	84	1	еще
70	83	1	нет
71	83	1	тут
72	82	1	себя
73	81	1	аа
74	81	1	если
75	81	1	свой
76	80	1	где
77	79	1	здесь
78	78	1	мой
79	76	1	из
80	72	1	один
81	70	1	ребенок
82	69	1	наш
83	69	1	тоже
84	67	1	или
85	67	1	мм
86	64	1	время
87	63	1	жить
88	63	1	только
89	60	1	для
90	60	1	до
91	60	1	ходить
92	58	1	другой
93	57	1	два
94	57	1	сейчас
95	56	1	конечно
96	56	1	от
97	56	1	работать
98	55	1	понимать
99	55	1	самый
100	53	1	надо
101	52	1	пойти
102	52	1	потом
103	51	1	хороший
104	50	1	просто
105	50	1	раз
106	50	1	щас
107	49	1	делать
108	49	1	о
109	48	1	много
110	47	1	идти
111	47	1	первый
112	46	1	сам
113	44	1	видеть
114	44	1	работа
115	43	1	день
116	43	1	почему
117	43	1	угу
118	42	1	даже
119	42	1	сегодня
120	41	1	нужный
121	40	1	вообще
122	40	1	сколько
123	39	1	всегда
124	38	1	ли
125	38	1	стать
126	38	1	хотеть
127	37	1	наверное
128	36	1	во
129	36	1	жизнь
130	35	1	земля
131	35	1	туда
132	35	1	чтобы
133	34	1	думать
134	34	1	можно
135	34	1	про
136	33	1	дело
137	33	1	значить
138	32	1	поэтому
139	32	1	три
140	31	1	давать
141	31	1	должен
142	31	1	опять
143	31	1	помнить
144	31	1	сидеть
145	31	1	уж
146	30	1	ваш
147	30	1	дом
148	30	1	нибудь
149	30	1	прийти
150	30	1	пять
151	29	1	каждый
152	29	1	понятный
153	29	1	рассказать
154	28	1	ааа
155	28	1	баба
156	28	1	никто
157	28	1	со
158	28	1	учиться
159	28	1	школа
160	27	1	ага
161	27	1	большой
162	27	1	война
163	27	1	вопрос
164	27	1	дать
165	27	1	ничто
166	27	1	тысяча
167	26	1	смотреть
168	26	1	сразу
169	26	1	тогда
170	26	1	улица
171	26	1	че
172	26	1	язык
173	25	1	более
174	25	1	деревня
175	25	1	м
176	25	1	новый
177	25	1	россия
178	24	1	больше
179	24	1	двадцать
180	24	1	ж
181	24	1	ой
182	24	1	приехать
183	24	1	таки
184	24	1	чтоб
185	23	1	ведь
186	23	1	никакой
187	23	1	общий
188	22	1	бабушка
189	22	1	здравствовать
190	22	1	играть
191	22	1	отец
192	22	1	рано
193	22	1	стоять
194	21	1	вести
195	21	1	второй
196	21	1	мама
197	21	1	начать
198	21	1	пацан
199	21	1	слушать
200	21	1	сорок
201	21	1	стоить
202	21	1	четыре
203	20	1	вместе
204	20	1	заниматься
205	20	1	казаться
206	20	1	любой
207	20	1	место
208	20	1	ни
209	20	1	приходить
210	20	1	рассказывать
211	20	1	ребята
212	20	1	сделать
213	20	1	спрашивать
214	20	1	сторона
215	19	1	бог
216	19	1	город
217	19	1	десять
218	19	1	конец
219	19	1	называть
220	19	1	под
221	19	1	получаться
222	19	1	семья
223	19	1	слово
224	18	1	взять
225	18	1	ехать
226	18	1	иметь
227	18	1	интересный
228	18	1	машина
229	18	1	найти
230	18	1	некоторый
231	18	1	остаться
232	18	1	родитель
233	18	1	тридцать
234	18	1	умереть
235	18	1	хорошо
236	17	1	без
237	17	1	вон
238	17	1	история
239	17	1	куда
240	17	1	ладно
241	17	1	муж
242	17	1	мужик
243	17	1	народ
244	17	1	после
245	17	1	посмотреть
246	17	1	сдавать
247	17	1	сто
248	17	1	типа
249	17	1	цена
250	17	1	читать
251	17	1	шесть
252	16	1	брать
253	16	1	далеко
254	16	1	деньги
255	16	1	дома
256	16	1	именно
257	16	1	кстати
258	16	1	назад
259	16	1	постоянно
260	16	1	правильно
261	16	1	русский
262	16	1	сюда
263	16	1	теперь
264	16	1	утро
265	16	1	хоть
266	15	1	бывать
267	15	1	горшок
268	15	1	девять
269	15	1	ко
270	15	1	купить
271	15	1	лес
272	15	1	либо
273	15	1	мир
274	15	1	называться
275	15	1	например
276	15	1	пожалуйста
277	15	1	приезжать
278	15	1	прям
279	15	1	родиться
280	15	1	рука
281	15	1	считать
282	15	1	це
283	15	1	часть
284	14	1	брат
285	14	1	вода
286	14	1	вчера
287	14	1	выйти
288	14	1	звать
289	14	1	любить
290	14	1	маленький
291	14	1	мало
292	14	1	месяц
293	14	1	молодой
294	14	1	ночь
295	14	1	плохой
296	14	1	пока
297	14	1	равный
298	14	1	сказка
299	14	1	смеется
300	14	1	твой
301	14	1	через
302	14	1	шестьдесят
303	13	1	возможность
304	13	1	дак
305	13	1	далее
306	13	1	друг
307	13	1	здание
308	13	1	их
309	13	1	кидать
310	13	1	момент
311	13	1	находиться
312	13	1	несколько
313	13	1	оно
314	13	1	пахать
315	13	1	подумать
316	13	1	разный
317	13	1	синий
318	12	1	возраст
319	12	1	выходить
320	12	1	зуб
321	12	1	нельзя
322	12	1	поехать
323	12	1	помогать
324	12	1	понять
325	12	1	праздник
326	12	1	проблема
327	12	1	пройти
328	12	1	рубль
329	12	1	сложный
330	12	1	смысл
331	12	1	собака
332	12	1	старик
333	12	1	чуть
334	11	1	кавказ
335	11	1	красный
336	11	1	лежать
337	11	1	лето
338	11	1	мать
339	11	1	моему
340	11	1	никогда
341	11	1	основной
342	11	1	печь
343	11	1	поле
344	11	1	попасть
345	11	1	принцип
346	11	1	просить
347	11	1	сначала
348	11	1	снег
349	11	1	собирать
350	11	1	сожаление
351	11	1	старый
352	11	1	сын
353	11	1	третий
354	11	1	уйти
355	11	1	час
356	11	1	шо
357	10	1	бессоновка
358	10	1	бояться
359	10	1	везти
360	10	1	вид
361	10	1	всякий
362	10	1	ездить
363	10	1	книжка
364	10	1	колхоз
365	10	1	музыка
366	10	1	наверно
367	10	1	немец
368	10	1	образование
369	10	1	обязательно
370	10	1	отношение
371	10	1	оттуда
372	10	1	папа
373	10	1	полный
374	10	1	практически
375	10	1	пруд
376	10	1	решить
377	10	1	снимать
378	10	1	спать
379	10	1	стараться
380	10	1	тяжелый
381	10	1	учить
382	10	1	хата
383	10	1	чем
384	9	1	баня
385	9	1	болеть
386	9	1	вечер
387	9	1	вещь
388	9	1	главный
389	9	1	девка
390	9	1	действительно
391	9	1	детство
392	9	1	дорога
393	9	1	его
394	9	1	естественно
395	9	1	жена
396	9	1	зима
397	9	1	класс
398	9	1	корова
399	9	1	лошадь
400	9	1	морозко
401	9	1	мыть
402	9	1	начаться
403	9	1	нету
404	9	1	огромный
405	9	1	откуда
406	9	1	показать
407	9	1	попков
408	9	1	пора
409	9	1	последний
410	9	1	поставить
411	9	1	почти
412	9	1	процесс
413	9	1	семь
414	9	1	ситуация
415	9	1	случай
416	9	1	соответственно
417	9	1	состояние
418	9	1	старуха
419	9	1	теплый
420	9	1	ха
421	9	1	хотя
422	9	1	экзамен
423	8	1	абсолютно
424	8	1	бренчать
425	8	1	бурлак
426	8	1	василий
427	8	1	возить
428	8	1	восемь
429	8	1	господь
430	8	1	готовиться
431	8	1	дагестанец
432	8	1	девочка
433	8	1	добрый
434	8	1	долго
435	8	1	доллар
436	8	1	дурак
437	8	1	ее
438	8	1	живой
439	8	1	закончить
440	8	1	иван
441	8	1	искать
442	8	1	культура
443	8	1	магазин
444	8	1	мера
445	8	1	миллион
446	8	1	молчать
447	8	1	начало
448	8	1	начинать
449	8	1	нога
450	8	1	об
451	8	1	писать
452	8	1	подходить
453	8	1	полностью
454	8	1	при
455	8	1	привезти
456	8	1	простой
457	8	1	пятьдесят
458	8	1	рад
459	8	1	связать
460	8	1	сколь
461	8	1	собачка
462	8	1	советский
463	8	1	спасибо
464	8	1	срок
465	8	1	стучать
466	8	1	увидеть
467	8	1	умный
468	8	1	финляндия
469	8	1	часто
470	8	1	ясный
471	7	1	sym
472	7	1	батюшка
473	7	1	буквально
474	7	1	вакцинироваться
475	7	1	вдруг
476	7	1	взрослый
477	7	1	видимо
478	7	1	власть
479	7	1	внук
480	7	1	восемьдесят
481	7	1	восьмой
482	7	1	вроде
483	7	1	газета
484	7	1	готовый
485	7	1	группа
486	7	1	дедушка
487	7	1	держать
488	7	1	длинный
489	7	1	дорогой
490	7	1	елка
491	7	1	ждать
492	7	1	завод
493	7	1	здоровье
494	7	1	интернет
495	7	1	косточка
496	7	1	математика
497	7	1	молитва
498	7	1	молодежь
499	7	1	москва
500	7	1	мхм
501	7	1	навоз
502	7	1	назвать
503	7	1	написать
504	7	1	немножко
505	7	1	нечего
506	7	1	область
507	7	1	объяснить
508	7	1	около
509	7	1	перед
510	7	1	печка
511	7	1	поговорить
512	7	1	политика
513	7	1	получить
514	7	1	понравиться
515	7	1	посев
516	7	1	появиться
517	7	1	правда
518	7	1	правительство
519	7	1	прекрасный
520	7	1	результат
521	7	1	республика
522	7	1	рост
523	7	1	ругаться
524	7	1	связь
525	7	1	сельский
526	7	1	сесть
527	7	1	сила
528	7	1	смочь
529	7	1	совсем
530	7	1	старший
531	7	1	страна
532	7	1	строить
533	7	1	также
534	7	1	тетя
535	7	1	точно
536	7	1	учитель
537	7	1	церковь
538	7	1	эм
539	7	1	этап
540	6	1	азербайджанский
541	6	1	английский
542	6	1	апрель
543	6	1	аээ
544	6	1	блин
545	6	1	болезнь
546	6	1	больной
547	6	1	верить
548	6	1	вернуться
549	6	1	вещдок
550	6	1	висеть
551	6	1	водить
552	6	1	вспомянуть
553	6	1	говориться
554	6	1	государство
555	6	1	готовить
556	6	1	давно
557	6	1	двести
558	6	1	девчата
559	6	1	девяносто
560	6	1	девятый
561	6	1	дед
562	6	1	делаться
563	6	1	дойти
564	6	1	допустить
565	6	1	достаточно
566	6	1	дочь
567	6	1	душа
568	6	1	есть
569	6	1	женщина
570	6	1	житель
571	6	1	задача
572	6	1	занять
573	6	1	зарабатывать
574	6	1	здоровый
575	6	1	изба
576	6	1	интервью
577	6	1	исключить
578	6	1	использовать
579	6	1	камень
580	6	1	каша
581	6	1	километр
582	6	1	кхм
583	6	1	лавка
584	6	1	лечить
585	6	1	май
586	6	1	мероприятие
587	6	1	мечта
588	6	1	мозг
589	6	1	музыкальный
590	6	1	население
591	6	1	наука
592	6	1	нормальный
593	6	1	носить
594	6	1	нравиться
595	6	1	одновременно
596	6	1	определенный
597	6	1	опыт
598	6	1	оставить
599	6	1	первых
600	6	1	перекресток
601	6	1	плохо
602	6	1	плясать
603	6	1	повезти
604	6	1	поглядеть
605	6	1	поесть
606	6	1	поймать
607	6	1	половина
608	6	1	получиться
609	6	1	посадить
610	6	1	посидеть
611	6	1	поступить
612	6	1	представлять
613	6	1	проверить
614	6	1	провести
615	6	1	происходить
616	6	1	против
617	6	1	процент
618	6	1	прямо
619	6	1	пятнадцать
620	6	1	разговаривать
621	6	1	реклама
622	6	1	родственник
623	6	1	рождение
624	6	1	российский
625	6	1	рядом
626	6	1	сателлит
627	6	1	свекла
628	6	1	сено
629	6	1	сжечь
630	6	1	следующий
631	6	1	совершенно
632	6	1	согласиться
633	6	1	спросить
634	6	1	столь
635	6	1	столько
636	6	1	суть
637	6	1	теленок
638	6	1	трактор
639	6	1	триста
640	6	1	уехать
641	6	1	фамилия
642	6	1	финн
643	6	1	целый
644	6	1	ценность
645	6	1	чай
646	6	1	южный
647	5	1	андрей
648	5	1	б
649	5	1	бабка
650	5	1	белек
651	5	1	бороться
652	5	1	будто
653	5	1	везде
654	5	1	версия
655	5	1	вздыхать
656	5	1	видно
657	5	1	вставать
658	5	1	встать
659	5	1	встречать
660	5	1	выбрать
661	5	1	глаз
662	5	1	гость
663	5	1	даг
664	5	1	двенадцать
665	5	1	дверь
666	5	1	двор
667	5	1	детский
668	5	1	деятельность
669	5	1	директор
670	5	1	дон
671	5	1	дочка
672	5	1	дружить
673	5	1	дума
674	5	1	единственный
675	5	1	забор
676	5	1	завтра
677	5	1	задавать
678	5	1	зайти
679	5	1	заходить
680	5	1	знакомый
681	5	1	ка
682	5	1	каменный
683	5	1	канал
684	5	1	книга
685	5	1	коровушка
686	5	1	кричать
687	5	1	кура
688	5	1	кушать
689	5	1	ловить
690	5	1	любимый
691	5	1	маланья
692	5	1	между
693	5	1	метр
694	5	1	мешочек
695	5	1	многий
696	5	1	могила
697	5	1	мост
698	5	1	мужчина
699	5	1	музей
700	5	1	музыкант
701	5	1	наговор
702	5	1	название
703	5	1	направление
704	5	1	неделя
705	5	1	нормально
706	5	1	образ
707	5	1	обратно
708	5	1	обстоятельство
709	5	1	обсуждение
710	5	1	окно
711	5	1	операция
712	5	1	отдать
713	5	1	очередь
714	5	1	ошибка
715	5	1	парень
716	5	1	пенсия
717	5	1	песня
718	5	1	петь
719	5	1	плакать
720	5	1	плести
721	5	1	поезд
722	5	1	пол
723	5	1	положить
724	5	1	получать
725	5	1	помереть
726	5	1	помочь
727	5	1	попробовать
728	5	1	посчитать
729	5	1	посылать
730	5	1	правильный
731	5	1	приблизительно
732	5	1	привести
733	5	1	причитать
734	5	1	программа
735	5	1	проект
736	5	1	проходить
737	5	1	путь
738	5	1	радость
739	5	1	район
740	5	1	реально
741	5	1	режиссер
742	5	1	садиться
743	5	1	сажать
744	5	1	свет
745	5	1	село
746	5	1	сентябрь
747	5	1	серьезный
748	5	1	сеялка
749	5	1	сильно
750	5	1	система
751	5	1	сказочник
752	5	1	служить
753	5	1	слышать
754	5	1	смола
755	5	1	событие
756	5	1	сосед
757	5	1	средний
758	5	1	степень
759	5	1	сходить
760	5	1	счастье
761	5	1	счет
762	5	1	считаться
763	5	1	технология
764	5	1	точный
765	5	1	убирать
766	5	1	угрим
767	5	1	универ
768	5	1	услышать
769	5	1	хватать
770	5	1	целое
771	5	1	центр
772	5	1	черт
773	5	1	четверо
774	5	1	чечня
775	5	1	штука
776	5	1	шутить
777	4	1	аж
778	4	1	александрович
779	4	1	анализ
780	4	1	андерграунд
781	4	1	архив
782	4	1	бандит
783	4	1	батька
784	4	1	бегать
785	4	1	безопасность
786	4	1	безумно
787	4	1	белый
788	4	1	бельково
789	4	1	бить
790	4	1	боль
791	4	1	больница
792	4	1	борьба
793	4	1	будущее
794	4	1	булычев
795	4	1	вакцинация
796	4	1	валентина
797	4	1	ведро
798	4	1	веселый
799	4	1	ветер
800	4	1	внутренний
801	4	1	возможный
802	4	1	воспринимать
803	4	1	вредный
804	4	1	встретиться
805	4	1	вуз
806	4	1	гармонь
807	4	1	гояс
808	4	1	григорьевна
809	4	1	давить
810	4	1	дагестан
811	4	1	данные
812	4	1	данный
813	4	1	де
814	4	1	дельфин
815	4	1	дерево
816	4	1	деревянный
817	4	1	дождь
818	4	1	домой
819	4	1	дорого
820	4	1	достичь
821	4	1	другому
822	4	1	егэ
823	4	1	жи
824	4	1	забрать
825	4	1	задать
826	4	1	замуж
827	4	1	занятие
828	4	1	запрещать
829	4	1	запрячь
830	4	1	зачем
831	4	1	иваныч
832	4	1	издать
833	4	1	испуг
834	4	1	июнь
835	4	1	й
836	4	1	карта
837	4	1	кинуть
838	4	1	коллекция
839	4	1	комбайн
840	4	1	комедия
841	4	1	комната
842	4	1	копать
843	4	1	короткий
844	4	1	красивый
845	4	1	крест
846	4	1	кровь
847	4	1	кухня
848	4	1	лезть
849	4	1	ленный
850	4	1	ляп
851	4	1	мамка
852	4	1	мгм
853	4	1	местность
854	4	1	минимум
855	4	1	михаил
856	4	1	мол
857	4	1	молоко
858	4	1	мысль
859	4	1	мыться
860	4	1	мясо
861	4	1	надеть
862	4	1	надоесть
863	4	1	налаять
864	4	1	насколько
865	4	1	настоящий
866	4	1	наталья
867	4	1	научиться
868	4	1	национальный
869	4	1	некогда
870	4	1	непригодный
871	4	1	нигде
872	4	1	николай
873	4	1	обращение
874	4	1	общаться
875	4	1	объяснять
876	4	1	обязательный
877	4	1	одновременный
878	4	1	оказаться
879	4	1	олимпиада
880	4	1	особенно
881	4	1	оставаться
882	4	1	остальной
883	4	1	остановиться
884	4	1	ответ
885	4	1	открывать
886	4	1	открыть
887	4	1	относиться
888	4	1	педагог
889	4	1	перевозить
890	4	1	перейти
891	4	1	период
892	4	1	план
893	4	1	платок
894	4	1	платье
895	4	1	плюх
896	4	1	поверить
897	4	1	поддерживать
898	4	1	подойти
899	4	1	позвонить
900	4	1	показывать
901	4	1	покупать
902	4	1	политик
903	4	1	поменяться
904	4	1	понужать
905	4	1	пообщаться
906	4	1	походить
907	4	1	почто
908	4	1	представить
909	4	1	прекрасно
910	4	1	преступление
911	4	1	привет
912	4	1	привыкнуть
913	4	1	придумать
914	4	1	примат
915	4	1	продавать
916	4	1	продать
917	4	1	продовольствие
918	4	1	произойти
919	4	1	промышленный
920	4	1	профессиональный
921	4	1	прямой
922	4	1	прятаться
923	4	1	психолог
924	4	1	пустить
925	4	1	пхать
926	4	1	пятый
927	4	1	рабочий
928	4	1	радоваться
929	4	1	развал
930	4	1	развиваться
931	4	1	райкомат
932	4	1	расстрелять
933	4	1	расти
934	4	1	региональный
935	4	1	решение
936	4	1	рижский
937	4	1	родной
938	4	1	рокер
939	4	1	роль
940	4	1	ругать
941	4	1	сахар
942	4	1	сегодняшний
943	4	1	седьмой
944	4	1	сей
945	4	1	секрет
946	4	1	семидесятый
947	4	1	сестра
948	4	1	скот
949	4	1	следить
950	4	1	слеза
951	4	1	слышный
952	4	1	сниться
953	4	1	собрать
954	4	1	собраться
955	4	1	совет
956	4	1	совместный
957	4	1	совпасть
958	4	1	соловей
959	4	1	солома
960	4	1	соседка
961	4	1	специально
962	4	1	список
963	4	1	сплав
964	4	1	спорт
965	4	1	среди
966	4	1	ставить
967	4	1	ствол
968	4	1	стена
969	4	1	существовать
970	4	1	сыпать
971	4	1	таракан
972	4	1	товарищ
973	4	1	топить
974	4	1	торец
975	4	1	точка
976	4	1	трасса
977	4	1	тренер
978	4	1	триллион
979	4	1	трое
980	4	1	троллейбус
981	4	1	труд
982	4	1	тяп
983	4	1	узнавать
984	4	1	улей
985	4	1	уровень
986	4	1	урождать
987	4	1	урок
988	4	1	усиление
989	4	1	успеть
990	4	1	уставать
991	4	1	устроить
992	4	1	учебный
993	4	1	федеральный
994	4	1	хомутово
995	4	1	хотеться
996	4	1	ценный
997	4	1	четырнадцать
998	4	1	чувашский
999	4	1	што
1000	4	1	ща
1001	4	1	экспедиция
1002	4	1	эпидемия
1003	4	1	этаж
1004	4	1	ягибошна
1005	3	1	ielts
1006	3	1	аварийный
1007	3	1	август
1008	3	1	австриец
1009	3	1	агенство
1010	3	1	ай
1011	3	1	активно
1012	3	1	активный
1013	3	1	аллах
1014	3	1	америка
1015	3	1	араповка
1016	3	1	армия
1017	3	1	баклажан
1018	3	1	балкария
1019	3	1	банк
1020	3	1	барка
1021	3	1	басхан
1022	3	1	беречь
1023	3	1	богатый
1024	3	1	богородица
1025	3	1	борки
1026	3	1	буряк
1027	3	1	быстро
1028	3	1	вакцинировать
1029	3	1	васильевич
1030	3	1	ваще
1031	3	1	вдохновлять
1032	3	1	век
1033	3	1	вера
1034	3	1	ветка
1035	3	1	вечный
1036	3	1	взгляд
1037	3	1	взорвать
1038	3	1	взятка
1039	3	1	видео
1040	3	1	виктор
1041	3	1	владивосток
1042	3	1	внутри
1043	3	1	вобще
1044	3	1	водитель
1045	3	1	возникать
1046	3	1	войти
1047	3	1	восемнадцатый
1048	3	1	восемнадцать
1049	3	1	воспоминание
1050	3	1	восточный
1051	3	1	впервые
1052	3	1	впечатление
1053	3	1	вполне
1054	3	1	всего
1055	3	1	вундеркинд
1056	3	1	вымыть
1057	3	1	выработать
1058	3	1	высота
1059	3	1	выставка
1060	3	1	выступать
1061	3	1	вязать
1062	3	1	гараж
1063	3	1	гачи
1064	3	1	гектар
1065	3	1	генотип
1066	3	1	герой
1067	3	1	главное
1068	3	1	голова
1069	3	1	гора
1070	3	1	горло
1071	3	1	городской
1072	3	1	гостья
1073	3	1	грамота
1074	3	1	грамотный
1075	3	1	грустный
1076	3	1	гулять
1077	3	1	гумно
1078	3	1	девяностый
1079	3	1	девятилетний
1080	3	1	девятнадцать
1081	3	1	девятьсот
1082	3	1	десна
1083	3	1	детки
1084	3	1	днепр
1085	3	1	добиваться
1086	3	1	добиться
1087	3	1	довести
1088	3	1	довольно
1089	3	1	долгий
1090	3	1	должность
1091	3	1	домашний
1092	3	1	доставлять
1093	3	1	доходить
1094	3	1	дочерь
1095	3	1	древний
1096	3	1	дюже
1097	3	1	европа
1098	3	1	европейский
1099	3	1	ежедневно
1100	3	1	елочка
1101	3	1	енот
1102	3	1	живица
1103	3	1	журналист
1104	3	1	завтрак
1105	3	1	заканчиваться
1106	3	1	закатить
1107	3	1	закончиться
1108	3	1	закрываться
1109	3	1	закрючье
1110	3	1	заменивать
1111	3	1	зарослов
1112	3	1	заставить
1113	3	1	захотеть
1114	3	1	звонить
1115	3	1	значение
1116	3	1	золото
1117	3	1	идея
1118	3	1	известный
1119	3	1	изучать
1120	3	1	иногда
1121	3	1	инстаграм
1122	3	1	институт
1123	3	1	ирина
1124	3	1	испугаться
1125	3	1	исследовательский
1126	3	1	кабардино
1127	3	1	казань
1128	3	1	карман
1129	3	1	картина
1130	3	1	кашица
1131	3	1	квартал
1132	3	1	квартира
1133	3	1	кипелово
1134	3	1	кирпич
1135	3	1	кое
1136	3	1	кой
1137	3	1	коклюшка
1138	3	1	количество
1139	3	1	коллега
1140	3	1	команда
1141	3	1	конкуренция
1142	3	1	кончить
1143	3	1	копейка
1144	3	1	кормить
1145	3	1	кроме
1146	3	1	кругом
1147	3	1	крышка
1148	3	1	кувшинчик
1149	3	1	культурный
1150	3	1	курс
1151	3	1	лампадка
1152	3	1	легкий
1153	3	1	лен
1154	3	1	лететь
1155	3	1	литература
1156	3	1	лицо
1157	3	1	маршрут
1158	3	1	математик
1159	3	1	материал
1160	3	1	матушка
1161	3	1	мгхм
1162	3	1	менять
1163	3	1	местный
1164	3	1	механизм
1165	3	1	миллиард
1166	3	1	мимо
1167	3	1	минус
1168	3	1	мичурин
1169	3	1	многое
1170	3	1	молвить
1171	3	1	молодость
1172	3	1	муниципальный
1173	3	1	налить
1174	3	1	народному
1175	3	1	настолько
1176	3	1	наташа
1177	3	1	национально
1178	3	1	невозможный
1179	3	1	нема
1180	3	1	немножечко
1181	3	1	неплохой
1182	3	1	неправильно
1183	3	1	неправильный
1184	3	1	нехотеевка
1185	3	1	нижний
1186	3	1	никуда
1187	3	1	ничего
1188	3	1	ниша
1189	3	1	нрзд
1190	3	1	нуль
1191	3	1	нынешний
1192	3	1	обманывать
1193	3	1	обмен
1194	3	1	образно
1195	3	1	обращаться
1196	3	1	обсуждать
1197	3	1	общественный
1198	3	1	объект
1199	3	1	обычно
1200	3	1	овсеный
1201	3	1	одеть
1202	3	1	одиннадцать
1203	3	1	однажды
1204	3	1	ознакомиться
1205	3	1	округа
1206	3	1	олечка
1207	3	1	орган
1208	3	1	осень
1209	3	1	осмеять
1210	3	1	отвечать
1211	3	1	отдавать
1212	3	1	отдыхать
1213	3	1	открываться
1214	3	1	открытый
1215	3	1	относительно
1216	3	1	отсюда
1217	3	1	отчасти
1218	3	1	офис
1219	3	1	охотиться
1220	3	1	охотничий
1221	3	1	павел
1222	3	1	палец
1223	3	1	пальма
1224	3	1	пара
1225	3	1	парк
1226	3	1	переехать
1227	3	1	перемена
1228	3	1	перемешаться
1229	3	1	перепелка
1230	3	1	пересадка
1231	3	1	петлюровец
1232	3	1	платить
1233	3	1	плечо
1234	3	1	плыть
1235	3	1	повториться
1236	3	1	подавать
1237	3	1	поделить
1238	3	1	подкидывать
1239	3	1	подобный
1240	3	1	подождать
1241	3	1	подруга
1242	3	1	подсказать
1243	3	1	поезжать
1244	3	1	пожить
1245	3	1	позволять
1246	3	1	поздно
1247	3	1	поздравлять
1248	3	1	политический
1249	3	1	помиловать
1250	3	1	понятие
1251	3	1	попасться
1252	3	1	порча
1253	3	1	поскольку
1254	3	1	послушать
1255	3	1	посоветовать
1256	3	1	правило
1257	3	1	предмет
1258	3	1	предположить
1259	3	1	президент
1260	3	1	признак
1261	3	1	прийтись
1262	3	1	приморский
1263	3	1	принести
1264	3	1	принимать
1265	3	1	принять
1266	3	1	природа
1267	3	1	приятный
1268	3	1	проводить
1269	3	1	продовольственный
1270	3	1	продукт
1271	3	1	прожить
1272	3	1	прозвище
1273	3	1	производство
1274	3	1	прочитать
1275	3	1	пускать
1276	3	1	пчела
1277	3	1	пятьсот
1278	3	1	разве
1279	3	1	развитие
1280	3	1	разлука
1281	3	1	разумный
1282	3	1	раньше
1283	3	1	речка
1284	3	1	речь
1285	3	1	робить
1286	3	1	рода
1287	3	1	рождаться
1288	3	1	ростов
1289	3	1	рот
1290	3	1	рубаха
1291	3	1	ружье
1292	3	1	руководитель
1293	3	1	ручка
1294	3	1	рынок
1295	3	1	сварить
1296	3	1	свинья
1297	3	1	сгребать
1298	3	1	селедка
1299	3	1	семейный
1300	3	1	сергей
1301	3	1	сеять
1302	3	1	скорее
1303	3	1	скоро
1304	3	1	скучный
1305	3	1	слава
1306	3	1	слишком
1307	3	1	сложить
1308	3	1	случайно
1309	3	1	слушаться
1310	3	1	смена
1311	3	1	смешной
1312	3	1	смеяться
1313	3	1	сниматься
1314	3	1	соболь
1315	3	1	совершать
1316	3	1	совещание
1317	3	1	современный
1318	3	1	содержание
1319	3	1	соседний
1320	3	1	составить
1321	3	1	сплавляться
1322	3	1	спортивный
1323	3	1	спортсмен
1324	3	1	спрыснуть
1325	3	1	стадия
1326	3	1	сталкиваться
1327	3	1	столица
1328	3	1	структура
1329	3	1	сухостой
1330	3	1	сфера
1331	3	1	сходный
1332	3	1	съемка
1333	3	1	т
1334	3	1	таджик
1335	3	1	таксист
1336	3	1	татарский
1337	3	1	телевидение
1338	3	1	темный
1339	3	1	толпа
1340	3	1	традиция
1341	3	1	третник
1342	3	1	тринадцать
1343	3	1	турция
1344	3	1	тута
1345	3	1	тянуть
1346	3	1	убить
1347	3	1	увезти
1348	3	1	угроза
1349	3	1	укладывать
1350	3	1	уметь
1351	3	1	университет
1352	3	1	упасть
1353	3	1	усердие
1354	3	1	условие
1355	3	1	уходить
1356	3	1	факт
1357	3	1	федерация
1358	3	1	фильм
1359	3	1	финский
1360	3	1	фраза
1361	3	1	фронт
1362	3	1	хе
1363	3	1	хлеб
1364	3	1	хозяйство
1365	3	1	холодный
1366	3	1	ценить
1367	3	1	центральный
1368	3	1	чей
1369	3	1	человечество
1370	3	1	чемпионат
1371	3	1	чистый
1372	3	1	чувствовать
1373	3	1	шевчук
1374	3	1	шестой
1375	3	1	школьник
1376	3	1	шоб
1377	3	1	шутка
1378	3	1	ще
1379	3	1	экологический
1380	3	1	являться
1381	3	1	ясно
1382	3	1	ящик
1383	2	1	автономный
1384	2	1	автор
1385	2	1	агроном
1386	2	1	агрономия
1387	2	1	адонис
1388	2	1	азербайджанец
1389	2	1	азербайджански
1390	2	1	азия
1391	2	1	алейкум
1392	2	1	александр
1393	2	1	александровна
1394	2	1	алексеевич
1395	2	1	алексей
1396	2	1	альбицкий
1397	2	1	амбар
1398	2	1	анатольевич
1399	2	1	ангарск
1400	2	1	андрюшка
1401	2	1	антонина
1402	2	1	апплодисменты
1403	2	1	араб
1404	2	1	археология
1405	2	1	ассистент
1406	2	1	ассоциироваться
1407	2	1	аха
1408	2	1	бабуля
1409	2	1	банальный
1410	2	1	баннерный
1411	2	1	бас
1412	2	1	батько
1413	2	1	бедный
1414	2	1	безусловно
1415	2	1	беларусь
1416	2	1	белоруссия
1417	2	1	берег
1418	2	1	бес
1419	2	1	бесконечный
1420	2	1	беспокоиться
1421	2	1	бессоновский
1422	2	1	биться
1423	2	1	бледный
1424	2	1	близкий
1425	2	1	близко
1426	2	1	боец
1427	2	1	божий
1428	2	1	бой
1429	2	1	болгария
1430	2	1	болото
1431	2	1	болтать
1432	2	1	бомба
1433	2	1	бородатый
1434	2	1	ботинок
1435	2	1	браться
1436	2	1	бригада
1437	2	1	будущий
1438	2	1	буква
1439	2	1	бухарка
1440	2	1	бык
1441	2	1	валяться
1442	2	1	вариант
1443	2	1	варить
1444	2	1	васильюшка
1445	2	1	вводить
1446	2	1	ввязаться
1447	2	1	вдвоем
1448	2	1	вдоль
1449	2	1	вдохновение
1450	2	1	великий
1451	2	1	верно
1452	2	1	верх
1453	2	1	весна
1454	2	1	ветеран
1455	2	1	вздыхает
1456	2	1	взяточничество
1457	2	1	взяться
1458	2	1	видать
1459	2	1	вино
1460	2	1	виноватый
1461	2	1	владикавказ
1462	2	1	владимировна
1463	2	1	вместо
1464	2	1	внешний
1465	2	1	внимательно
1466	2	1	водиться
1467	2	1	водичка
1468	2	1	военный
1469	2	1	возвращаться
1470	2	1	воздух
1471	2	1	возле
1472	2	1	возникнуть
1473	2	1	возничий
1474	2	1	волга
1475	2	1	волк
1476	2	1	вопще
1477	2	1	восвояси
1478	2	1	воспитанник
1479	2	1	вперед
1480	2	1	вплодать
1481	2	1	врать
1482	2	1	врач
1483	2	1	временный
1484	2	1	вряд
1485	2	1	вселенная
1486	2	1	вспоминать
1487	2	1	встретить
1488	2	1	встреча
1489	2	1	вторых
1490	2	1	вход
1491	2	1	выглядеть
1492	2	1	выгодный
1493	2	1	выдавать
1494	2	1	выдать
1495	2	1	выдрать
1496	2	1	вызвать
1497	2	1	вылететь
1498	2	1	выпить
1499	2	1	выпускать
1500	2	1	вырасти
1501	2	1	выскочить
1502	2	1	вытащить
1503	2	1	вытянуть
1504	2	1	гагарин
1505	2	1	гадкий
1506	2	1	гвардия
1507	2	1	георгиевич
1508	2	1	геракл
1509	2	1	глазоньки
1510	2	1	глубоко
1511	2	1	глупость
1512	2	1	глупый
1513	2	1	глядеть
1514	2	1	глянуть
1515	2	1	голодный
1516	2	1	гораздо
1517	2	1	государственный
1518	2	1	гражданин
1519	2	1	график
1520	2	1	грубо
1521	2	1	грязный
1522	2	1	гусь
1523	2	1	д
1524	2	1	далекий
1525	2	1	дальнейший
1526	2	1	дача
1527	2	1	двенадцатый
1528	2	1	двое
1529	2	1	девица
1530	2	1	девчонка
1531	2	1	действие
1532	2	1	денежный
1533	2	1	держаться
1534	2	1	десяток
1535	2	1	десятый
1536	2	1	деталь
1537	2	1	джахиль
1538	2	1	дзынь
1539	2	1	дивиться
1540	2	1	дискотека
1541	2	1	длиться
1542	2	1	добыча
1543	2	1	доделывать
1544	2	1	доктор
1545	2	1	долматов
1546	2	1	домик
1547	2	1	дополнительный
1548	2	1	дорогова
1549	2	1	достаться
1550	2	1	достойно
1551	2	1	достойный
1552	2	1	доступ
1553	2	1	доувлажнять
1554	2	1	дробь
1555	2	1	дрова
1556	2	1	дух
1557	2	1	еда
1558	2	1	ельцин
1559	2	1	еп
1560	2	1	жалованье
1561	2	1	желтенький
1562	2	1	животное
1563	2	1	жилой
1564	2	1	жириновский
1565	2	1	житься
1566	2	1	жнейка
1567	2	1	забирать
1568	2	1	забыть
1569	2	1	заварка
1570	2	1	зависеть
1571	2	1	завязать
1572	2	1	заговариваться
1573	2	1	заготовить
1574	2	1	задаться
1575	2	1	задержать
1576	2	1	заехать
1577	2	1	заменять
1578	2	1	замок
1579	2	1	занести
1580	2	1	занимать
1581	2	1	запаривать
1582	2	1	записывать
1583	2	1	заплатить
1584	2	1	заправка
1585	2	1	заработать
1586	2	1	заработок
1587	2	1	заранее
1588	2	1	засев
1589	2	1	заслуга
1590	2	1	зачастую
1591	2	1	зверь
1592	2	1	звонок
1593	2	1	здорово
1594	2	1	землянка
1595	2	1	зимний
1596	2	1	знание
1597	2	1	зубной
1598	2	1	игорь
1599	2	1	изменение
1600	2	1	имя
1601	2	1	инглина
1602	2	1	инструмент
1603	2	1	интеллект
1604	2	1	интерес
1605	2	1	информация
1606	2	1	иркутск
1607	2	1	исключать
1608	2	1	ислам
1609	2	1	итоговый
1610	2	1	кабинет
1611	2	1	кайф
1612	2	1	кампания
1613	2	1	капуцин
1614	2	1	карачаевский
1615	2	1	картошка
1616	2	1	касаться
1617	2	1	катя
1618	2	1	кацавейка
1619	2	1	квалификация
1620	2	1	квн
1621	2	1	кидаться
1622	2	1	кизяк
1623	2	1	кило
1624	2	1	килограмм
1625	2	1	кино
1626	2	1	клан
1627	2	1	класть
1628	2	1	клуб
1629	2	1	колодец
1630	2	1	комик
1631	2	1	коммунист
1632	2	1	комплекс
1633	2	1	константин
1634	2	1	конь
1635	2	1	коренной
1636	2	1	корень
1637	2	1	кормоцех
1638	2	1	косить
1639	2	1	костюм
1640	2	1	кот
1641	2	1	котомочек
1642	2	1	крайний
1643	2	1	крепкий
1644	2	1	крестик
1645	2	1	крик
1646	2	1	критик
1647	2	1	крыша
1648	2	1	куковать
1649	2	1	кукуруза
1650	2	1	курица
1651	2	1	куча
1652	2	1	лампа
1653	2	1	лапоток
1654	2	1	лаять
1655	2	1	легендарный
1656	2	1	лепиться
1657	2	1	летучий
1658	2	1	лечь
1659	2	1	линия
1660	2	1	литературный
1661	2	1	лихорадка
1662	2	1	лишек
1663	2	1	лишить
1664	2	1	лишний
1665	2	1	ложить
1666	2	1	ложка
1667	2	1	лопата
1668	2	1	лось
1669	2	1	люберцы
1670	2	1	любовь
1671	2	1	ля
1672	2	1	майор
1673	2	1	максим
1674	2	1	маланьюшка
1675	2	1	мальчик
1676	2	1	мамин
1677	2	1	март
1678	2	1	маршаллах
1679	2	1	массовый
1680	2	1	мастерская
1681	2	1	математический
1682	2	1	махачкала
1683	2	1	мгу
1684	2	1	медицина
1685	2	1	мелкий
1686	2	1	меньший
1687	2	1	местечко
1688	2	1	металл
1689	2	1	мечеть
1690	2	1	минута
1691	2	1	михал
1692	2	1	мнение
1693	2	1	молодец
1694	2	1	морально
1695	2	1	морозить
1696	2	1	мука
1697	2	1	муромский
1698	2	1	мусульманин
1699	2	1	мыслить
1700	2	1	мышиный
1701	2	1	мышь
1702	2	1	мэр
1703	2	1	навестить
1704	2	1	над
1705	2	1	наделать
1706	2	1	надеяться
1707	2	1	надобность
1708	2	1	накрик
1709	2	1	намаз
1710	2	1	нанимать
1711	2	1	направить
1712	2	1	напустить
1713	2	1	народный
1714	2	1	наряжаться
1715	2	1	наряживаться
1716	2	1	настроение
1717	2	1	натаскать
1718	2	1	натура
1719	2	1	натюрморт
1720	2	1	натянуть
1721	2	1	научить
1722	2	1	научно
1723	2	1	начальник
1724	2	1	небо
1725	2	1	невеликий
1726	2	1	невеста
1727	2	1	недавно
1728	2	1	незнайка
1729	2	1	некрашово
1730	2	1	неладный
1731	2	1	немытый
1732	2	1	непривычный
1733	2	1	нерентабельный
1734	2	1	несмотря
1735	2	1	неудобный
1736	2	1	неурожайный
1737	2	1	никчемность
1738	2	1	ноль
1739	2	1	номер
1740	2	1	оба
1741	2	1	обедать
1742	2	1	обучение
1743	2	1	общество
1744	2	1	общительный
1745	2	1	объем
1746	2	1	обычный
1747	2	1	овца
1748	2	1	огородить
1749	2	1	ограничение
1750	2	1	одинаковый
1751	2	1	ожидать
1752	2	1	озеро
1753	2	1	оказываться
1754	2	1	окончить
1755	2	1	окрестность
1756	2	1	окружающие
1757	2	1	оой
1758	2	1	ооо
1759	2	1	опасность
1760	2	1	опека
1761	2	1	оплатить
1762	2	1	оправа
1763	2	1	определение
1764	2	1	определять
1765	2	1	организм
1766	2	1	организовывать
1767	2	1	освободить
1768	2	1	осетия
1769	2	1	особенность
1770	2	1	остановка
1771	2	1	отвести
1772	2	1	ответить
1773	2	1	отдел
1774	2	1	отдельный
1775	2	1	откровенно
1776	2	1	открытость
1777	2	1	отличный
1778	2	1	отметить
1779	2	1	отмечать
1780	2	1	отправить
1781	2	1	отпустить
1782	2	1	отрабатывать
1783	2	1	отступать
1784	2	1	отчество
1785	2	1	оч
1786	2	1	п
1787	2	1	памятник
1788	2	1	память
1789	2	1	пандемия
1790	2	1	папка
1791	2	1	парамоныч
1792	2	1	парана
1793	2	1	пари
1794	2	1	паром
1795	2	1	партизан
1796	2	1	партизанский
1797	2	1	патов
1798	2	1	пауза
1799	2	1	паша
1800	2	1	пашня
1801	2	1	пена
1802	2	1	перебирать
1803	2	1	переезжать
1804	2	1	переправа
1805	2	1	пермь
1806	2	1	петербург
1807	2	1	пехота
1808	2	1	питание
1809	2	1	питаться
1810	2	1	питер
1811	2	1	плавать
1812	2	1	планировать
1813	2	1	пластиковый
1814	2	1	племянник
1815	2	1	плен
1816	2	1	плуг
1817	2	1	плюнуть
1818	2	1	плюс
1819	2	1	побежать
1820	2	1	поболтать
1821	2	1	повторяться
1822	2	1	погибнуть
1823	2	1	подать
1824	2	1	поддержать
1825	2	1	поди
1826	2	1	подлупливать
1827	2	1	подниматься
1828	2	1	подобрать
1829	2	1	подранок
1830	2	1	позиция
1831	2	1	познакомиться
1832	2	1	позорить
1833	2	1	поискать
1834	2	1	полгода
1835	2	1	полезный
1836	2	1	полиомиелит
1837	2	1	полтора
1838	2	1	пользоваться
1839	2	1	помидор
1840	2	1	помириться
1841	2	1	помощь
1842	2	1	попадать
1843	2	1	попытка
1844	2	1	поросенок
1845	2	1	поросеночек
1846	2	1	поругаться
1847	2	1	поручень
1848	2	1	посещать
1849	2	1	построить
1850	2	1	поступать
1851	2	1	посуда
1852	2	1	потеря
1853	2	1	потерять
1854	2	1	потихонечку
1855	2	1	поход
1856	2	1	похоронный
1857	2	1	почистить
1858	2	1	почитать
1859	2	1	появляться
1860	2	1	право
1861	2	1	правоохранительный
1862	2	1	преграда
1863	2	1	предложение
1864	2	1	предложить
1865	2	1	предок
1866	2	1	председатель
1867	2	1	представитель
1868	2	1	предупреждать
1869	2	1	прерогатива
1870	2	1	прибирать
1871	2	1	прибыть
1872	2	1	прививка
1873	2	1	привозить
1874	2	1	привычный
1875	2	1	приглашать
1876	2	1	приготовить
1877	2	1	прикормка
1878	2	1	прилететь
1879	2	1	примерно
1880	2	1	принадлежать
1881	2	1	приносить
1882	2	1	приставать
1883	2	1	приятель
1884	2	1	проводиться
1885	2	1	продолжать
1886	2	1	проживать
1887	2	1	прокопенко
1888	2	1	пространство
1889	2	1	протест
1890	2	1	профессия
1891	2	1	проходной
1892	2	1	проявляться
1893	2	1	пружина
1894	2	1	прыгать
1895	2	1	психика
1896	2	1	психологически
1897	2	1	психология
1898	2	1	психфак
1899	2	1	птицесовхоз
1900	2	1	путин
1901	2	1	пчеловод
1902	2	1	пятница
1903	2	1	работник
1904	2	1	радовать
1905	2	1	разбить
1906	2	1	разговор
1907	2	1	разгонять
1908	2	1	раздувать
1909	2	1	разместить
1910	2	1	разница
1911	2	1	разрезать
1912	2	1	разрешить
1913	2	1	разрывать
1914	2	1	разум
1915	2	1	разумность
1916	2	1	рассматривать
1917	2	1	рассчитывать
1918	2	1	рацион
1919	2	1	рвать
1920	2	1	ребятишки
1921	2	1	ревность
1922	2	1	регион
1923	2	1	рейтинг
1924	2	1	река
1925	2	1	рекламный
1926	2	1	рекомендовать
1927	2	1	рекреационный
1928	2	1	религия
1929	2	1	реставрация
1930	2	1	решать
1931	2	1	рожь
1932	2	1	розыск
1933	2	1	роман
1934	2	1	румыния
1935	2	1	рус
1936	2	1	русски
1937	2	1	ручей
1938	2	1	садовать
1939	2	1	салам
1940	2	1	самолет
1941	2	1	самостоятельный
1942	2	1	сафоново
1943	2	1	свекор
1944	2	1	сверху
1945	2	1	светлый
1946	2	1	свист
1947	2	1	свободный
1948	2	1	сглазить
1949	2	1	сдать
1950	2	1	се
1951	2	1	северный
1952	2	1	сезон
1953	2	1	семьдесят
1954	2	1	сергеевна
1955	2	1	сердце
1956	2	1	сериал
1957	2	1	серьезно
1958	2	1	сказочка
1959	2	1	сквер
1960	2	1	скирдовать
1961	2	1	скотина
1962	2	1	славный
1963	2	1	сладкий
1964	2	1	снять
1965	2	1	собираться
1966	2	1	совершиться
1967	2	1	сой
1968	2	1	солнце
1969	2	1	сомнение
1970	2	1	сопружение
1971	2	1	сопряжение
1972	2	1	сороковой
1973	2	1	состав
1974	2	1	соцработник
1975	2	1	сочи
1976	2	1	соя
1977	2	1	спасти
1978	2	1	специалист
1979	2	1	спокойно
1980	2	1	спокойный
1981	2	1	способный
1982	2	1	способствовать
1983	2	1	среда
1984	2	1	средства
1985	2	1	средство
1986	2	1	сс
1987	2	1	стаж
1988	2	1	старинный
1989	2	1	старушка
1990	2	1	статья
1991	2	1	стекло
1992	2	1	степанида
1993	2	1	стесняться
1994	2	1	стечение
1995	2	1	стол
1996	2	1	страсть
1997	2	1	страшно
1998	2	1	страшный
1999	2	1	стрелять
2000	2	1	су
2001	2	1	суббота
2002	2	1	субханаллах
2003	2	1	судьба
2004	2	1	сундук
2005	2	1	супруг
2006	2	1	супруга
2007	2	1	сухой
2008	2	1	существо
2009	2	1	схоронить
2010	2	1	сыч
2011	2	1	та
2012	2	1	таковой
2013	2	1	такси
2014	2	1	тама
2015	2	1	танцевать
2016	2	1	таскать
2017	2	1	творить
2018	2	1	творог
2019	2	1	те
2020	2	1	текст
2021	2	1	телефон
2022	2	1	тело
2023	2	1	тема
2024	2	1	темно
2025	2	1	тесть
2026	2	1	течение
2027	2	1	тиф
2028	2	1	товарооборот
2029	2	1	толока
2030	2	1	толстовский
2031	2	1	тормоз
2032	2	1	тратить
2033	2	1	тренерский
2034	2	1	трогать
2035	2	1	трудный
2036	2	1	ту
2037	2	1	туалет
2038	2	1	тупо
2039	2	1	турист
2040	2	1	убегать
2041	2	1	убивать
2042	2	1	убийство
2043	2	1	увлажнение
2044	2	1	уделяться
2045	2	1	удобрение
2046	2	1	удобрить
2047	2	1	удостоверение
2048	2	1	уезжать
2049	2	1	ужасный
2050	2	1	ум
2051	2	1	уместный
2052	2	1	умирать
2053	2	1	умышленно
2054	2	1	упражнение
2055	2	1	урожай
2056	2	1	усвоить
2057	2	1	устраивать
2058	2	1	уу
2059	2	1	ууу
2060	2	1	уфа
2061	2	1	ухаживать
2062	2	1	ученик
2063	2	1	фазенда
2064	2	1	фаина
2065	2	1	фактически
2066	2	1	фальшивый
2067	2	1	физика
2068	2	1	физический
2069	2	1	фински
2070	2	1	фонд
2071	2	1	форма
2072	2	1	формулировка
2073	2	1	форум
2074	2	1	фотография
2075	2	1	хватить
2076	2	1	химия
2077	2	1	хлопец
2078	2	1	хозяин
2079	2	1	хранить
2080	2	1	цветочек
2081	2	1	цифра
2082	2	1	честно
2083	2	1	чеченец
2084	2	1	число
2085	2	1	чистить
2086	2	1	чо
2087	2	1	чувашия
2088	2	1	чувство
2089	2	1	чудесно
2090	2	1	чужой
2091	2	1	шабить
2092	2	1	шаг
2093	2	1	шаль
2094	2	1	шанс
2095	2	1	шар
2096	2	1	шашка
2097	2	1	школьница
2098	2	1	шото
2099	2	1	эволюция
2100	2	1	экономика
2101	2	1	экономист
2102	2	1	этак
2103	2	1	этакий
2104	2	1	этнография
2105	2	1	ювелир
2106	2	1	юлька
2107	2	1	юмор
2108	2	1	юношество
2109	2	1	юный
2110	2	1	юрист
2111	2	1	ягодка
2112	2	1	як
2113	2	1	який
2114	2	1	якобы
2115	1	1	agricultura
2116	1	1	calcário
2117	1	1	de
2118	1	1	precisão
2119	1	1	scon
2120	1	1	toefl
2121	1	1	underground
2122	1	1	youtube
2123	1	1	аааа
2124	1	1	ааам
2125	1	1	аах
2126	1	1	автобус
2127	1	1	автоворонка
2128	1	1	автостанция
2129	1	1	агентство
2130	1	1	агрикультура
2131	1	1	адреналин
2132	1	1	адресовать
2133	1	1	азбука
2134	1	1	азербайджан
2135	1	1	айлтс
2136	1	1	айти
2137	1	1	аккаунт
2138	1	1	актуальный
2139	1	1	акция
2140	1	1	алиса
2141	1	1	алчный
2142	1	1	ам
2143	1	1	ан
2144	1	1	аналитика
2145	1	1	анастасия
2146	1	1	ангарский
2147	1	1	ангел
2148	1	1	анекдот
2149	1	1	анкета
2150	1	1	антибиотик
2151	1	1	аоа
2152	1	1	аппарат
2153	1	1	аранжировка
2154	1	1	аргумент
2155	1	1	арсеньевна
2156	1	1	арт
2157	1	1	артистка
2158	1	1	архивный
2159	1	1	ассаламу
2160	1	1	аста
2161	1	1	астрономический
2162	1	1	ау
2163	1	1	аура
2164	1	1	афоризм
2165	1	1	ахнуть
2166	1	1	аэээ
2167	1	1	бабкин
2168	1	1	бабонька
2169	1	1	бабуся
2170	1	1	бабушкин
2171	1	1	байка
2172	1	1	бакалавриат
2173	1	1	баксан
2174	1	1	балакать
2175	1	1	балдеть
2176	1	1	бали
2177	1	1	балкарец
2178	1	1	балкон
2179	1	1	балл
2180	1	1	банально
2181	1	1	бараний
2182	1	1	барьер
2183	1	1	басан
2184	1	1	батьк
2185	1	1	баушка
2186	1	1	башкир
2187	1	1	башкирский
2188	1	1	башкортостан
2189	1	1	бежать
2190	1	1	безбоясый
2191	1	1	бездельник
2192	1	1	беззубый
2193	1	1	безногий
2194	1	1	белгород
2195	1	1	белиберда
2196	1	1	белок
2197	1	1	белье
2198	1	1	береза
2199	1	1	березка
2200	1	1	бесполезный
2201	1	1	беспощадный
2202	1	1	беспрецендентно
2203	1	1	беспрецендентный
2204	1	1	бессоновец
2205	1	1	библиотека
2206	1	1	бизнес
2207	1	1	бикбулатов
2208	1	1	биология
2209	1	1	благо
2210	1	1	благодарный
2211	1	1	благоприятный
2212	1	1	ближайший
2213	1	1	ближний
2214	1	1	блог
2215	1	1	блюдечко
2216	1	1	блять
2217	1	1	богатеть
2218	1	1	богородск
2219	1	1	бодрый
2220	1	1	боевой
2221	1	1	боже
2222	1	1	бок
2223	1	1	болезненно
2224	1	1	болочь
2225	1	1	болтаться
2226	1	1	больно
2227	1	1	больший
2228	1	1	большинство
2229	1	1	большущий
2230	1	1	бомбить
2231	1	1	бонус
2232	1	1	борис
2233	1	1	борковский
2234	1	1	борода
2235	1	1	босой
2236	1	1	боязный
2237	1	1	брак
2238	1	1	бракосочетание
2239	1	1	брелок
2240	1	1	бригадир
2241	1	1	бросить
2242	1	1	брюки
2243	1	1	бряночка
2244	1	1	буденновский
2245	1	1	буерак
2246	1	1	булавочка
2247	1	1	бумага
2248	1	1	бумажный
2249	1	1	бурак
2250	1	1	буран
2251	1	1	бурный
2252	1	1	буряток
2253	1	1	бухнуть
2254	1	1	буян
2255	1	1	бывший
2256	1	1	былое
2257	1	1	бытовой
2258	1	1	бычий
2259	1	1	вагон
2260	1	1	вай
2261	1	1	валентий
2262	1	1	валмир
2263	1	1	варвар
2264	1	1	васюковский
2265	1	1	вата
2266	1	1	ввп
2267	1	1	вгонять
2268	1	1	вдова
2269	1	1	вдохновляться
2270	1	1	великолепный
2271	1	1	велосипед
2272	1	1	веник
2273	1	1	веревка
2274	1	1	верстаться
2275	1	1	вертушка
2276	1	1	верховье
2277	1	1	верхом
2278	1	1	веселиться
2279	1	1	весенний
2280	1	1	вестись
2281	1	1	весть
2282	1	1	ветврач
2283	1	1	вечно
2284	1	1	вешать
2285	1	1	взвиться
2286	1	1	взрыть
2287	1	1	видеться
2288	1	1	видный
2289	1	1	визуализировать
2290	1	1	викторович
2291	1	1	вилка
2292	1	1	вина
2293	1	1	витька
2294	1	1	вихорь
2295	1	1	вкладывать
2296	1	1	вкратце
2297	1	1	вкусность
2298	1	1	вкусняцкий
2299	1	1	вкушать
2300	1	1	владеть
2301	1	1	влажность
2302	1	1	влить
2303	1	1	влюбленный
2304	1	1	вмешаться
2305	1	1	вмешиваться
2306	1	1	вниз
2307	1	1	внизу
2308	1	1	вникать
2309	1	1	вникнуть
2310	1	1	внимание
2311	1	1	вновь
2312	1	1	внучата
2313	1	1	внучок
2314	1	1	внучонок
2315	1	1	вовка
2316	1	1	вовнутрь
2317	1	1	воевать
2318	1	1	возможно
2319	1	1	возрастной
2320	1	1	вокзал
2321	1	1	волмир
2322	1	1	волна
2323	1	1	вологда
2324	1	1	вольный
2325	1	1	вона
2326	1	1	вонять
2327	1	1	воображение
2328	1	1	воровать
2329	1	1	воронеж
2330	1	1	воронежский
2331	1	1	воропанов
2332	1	1	ворохнуться
2333	1	1	восемнадцатилетний
2334	1	1	воспитать
2335	1	1	воспитывать
2336	1	1	воспользоваться
2337	1	1	воспринять
2338	1	1	восприятие
2339	1	1	воспрять
2340	1	1	восстановить
2341	1	1	восторг
2342	1	1	востребовать
2343	1	1	восьмидест
2344	1	1	восьмидесятый
2345	1	1	восьмисот
2346	1	1	вошкаться
2347	1	1	вошь
2348	1	1	впереди
2349	1	1	впитать
2350	1	1	впитывать
2351	1	1	вполовину
2352	1	1	врасплох
2353	1	1	вред
2354	1	1	времечко
2355	1	1	вручную
2356	1	1	всероссийский
2357	1	1	всесторонне
2358	1	1	всеядный
2359	1	1	всмотреться
2360	1	1	всполошиться
2361	1	1	вставить
2362	1	1	вставлять
2363	1	1	встречаться
2364	1	1	вступить
2365	1	1	всё
2366	1	1	втихолку
2367	1	1	вторник
2368	1	1	входить
2369	1	1	вхождение
2370	1	1	выбирать
2371	1	1	выбить
2372	1	1	выборы
2373	1	1	вывезти
2374	1	1	вывеска
2375	1	1	вывести
2376	1	1	вывод
2377	1	1	выводить
2378	1	1	выговориться
2379	1	1	выдержать
2380	1	1	выдернуть
2381	1	1	выдумать
2382	1	1	выдумывать
2383	1	1	выезжать
2384	1	1	выехать
2385	1	1	выжать
2386	1	1	вызывать
2387	1	1	выкинуть
2388	1	1	выламывать
2389	1	1	вылечить
2390	1	1	выливать
2391	1	1	вылить
2392	1	1	вымирать
2393	1	1	вынести
2394	1	1	выносить
2395	1	1	вынудить
2396	1	1	вынужденный
2397	1	1	вынять
2398	1	1	выпадать
2399	1	1	выпивать
2400	1	1	выпилить
2401	1	1	выполнять
2402	1	1	выпускник
2403	1	1	выпустить
2404	1	1	выпутаться
2405	1	1	выражение
2406	1	1	вырастить
2407	1	1	вырыть
2408	1	1	высеять
2409	1	1	высказать
2410	1	1	высказывание
2411	1	1	выслушать
2412	1	1	выслушивать
2413	1	1	высмотреть
2414	1	1	высокий
2415	1	1	высоко
2416	1	1	выставить
2417	1	1	выступление
2418	1	1	вытаскивать
2419	1	1	вытирать
2420	1	1	выход
2421	1	1	выходец
2422	1	1	вычислить
2423	1	1	вышине
2424	1	1	выяснить
2425	1	1	вязанка
2426	1	1	гад
2427	1	1	гаджи
2428	1	1	газ
2429	1	1	галина
2430	1	1	гангстерский
2431	1	1	гар
2432	1	1	гармонька
2433	1	1	гармошка
2434	1	1	гвоздь
2435	1	1	генеральный
2436	1	1	география
2437	1	1	германия
2438	1	1	гиря
2439	1	1	гитара
2440	1	1	гладкоствольный
2441	1	1	глазить
2442	1	1	глазища
2443	1	1	глотать
2444	1	1	глухонемой
2445	1	1	гнать
2446	1	1	гнев
2447	1	1	гнездышко
2448	1	1	гнилой
2449	1	1	гной
2450	1	1	годиться
2451	1	1	голландец
2452	1	1	голод
2453	1	1	голодать
2454	1	1	голочелово
2455	1	1	гонять
2456	1	1	гордиться
2457	1	1	гореть
2458	1	1	гореться
2459	1	1	горешенко
2460	1	1	горница
2461	1	1	городище
2462	1	1	горький
2463	1	1	готовность
2464	1	1	грабить
2465	1	1	грабли
2466	1	1	град
2467	1	1	граница
2468	1	1	грань
2469	1	1	гриб
2470	1	1	григорий
2471	1	1	гроб
2472	1	1	грузить
2473	1	1	группировка
2474	1	1	грядка
2475	1	1	губернатор
2476	1	1	гувд
2477	1	1	гузеев
2478	1	1	гулянати
2479	1	1	гумерович
2480	1	1	гуриев
2481	1	1	гусев
2482	1	1	гхм
2483	1	1	даваться
2484	1	1	давным
2485	1	1	дай
2486	1	1	далековато
2487	1	1	дарища
2488	1	1	даром
2489	1	1	двигательный
2490	1	1	двигаться
2491	1	1	движение
2492	1	1	двоичный
2493	1	1	девушка
2494	1	1	делиться
2495	1	1	демонизация
2496	1	1	дендрарий
2497	1	1	денис
2498	1	1	дербент
2499	1	1	державин
2500	1	1	дескать
2501	1	1	десятеро
2502	1	1	детенок
2503	1	1	детишки
2504	1	1	деть
2505	1	1	деться
2506	1	1	деятельный
2507	1	1	джи
2508	1	1	джин
2509	1	1	джинсы
2510	1	1	джума
2511	1	1	диджеить
2512	1	1	диковинный
2513	1	1	диплом
2514	1	1	дипломатический
2515	1	1	диссертация
2516	1	1	дите
2517	1	1	длинненький
2518	1	1	дм
2519	1	1	дмитров
2520	1	1	дмитровлаг
2521	1	1	добавить
2522	1	1	добавлять
2523	1	1	добивать
2524	1	1	добро
2525	1	1	добывать
2526	1	1	добыть
2527	1	1	доверие
2528	1	1	доводить
2529	1	1	довольный
2530	1	1	договориться
2531	1	1	доезжать
2532	1	1	доить
2533	1	1	доказывание
2534	1	1	докапываться
2535	1	1	докторский
2536	1	1	документ
2537	1	1	долбино
2538	1	1	долг
2539	1	1	долгополов
2540	1	1	долетать
2541	1	1	должный
2542	1	1	долотказина
2543	1	1	доморадов
2544	1	1	донести
2545	1	1	доносить
2546	1	1	донышко
2547	1	1	дорабатывать
2548	1	1	дороженька
2549	1	1	доснимать
2550	1	1	доставать
2551	1	1	достать
2552	1	1	достижение
2553	1	1	доступно
2554	1	1	достучаться
2555	1	1	доувлажнить
2556	1	1	дофига
2557	1	1	доходчивый
2558	1	1	дохуя
2559	1	1	дразнить
2560	1	1	драться
2561	1	1	дремучий
2562	1	1	дровишки
2563	1	1	дружба
2564	1	1	дружественный
2565	1	1	дсп
2566	1	1	дуже
2567	1	1	думка
2568	1	1	дурной
2569	1	1	дуть
2570	1	1	духовницкий
2571	1	1	дь
2572	1	1	дэ
2573	1	1	дябдина
2574	1	1	дядя
2575	1	1	ев
2576	1	1	евросоюз
2577	1	1	евстахьич
2578	1	1	единый
2579	1	1	еженедельный
2580	1	1	езда
2581	1	1	екатерина
2582	1	1	ель
2583	1	1	ендалаа
2584	1	1	естественный
2585	1	1	ефимыч
2586	1	1	жалеть
2587	1	1	жалко
2588	1	1	жаловаться
2589	1	1	жареный
2590	1	1	жевский
2591	1	1	желанный
2592	1	1	желать
2593	1	1	железный
2594	1	1	желудок
2595	1	1	женитьба
2596	1	1	жениться
2597	1	1	женка
2598	1	1	жертва
2599	1	1	жесткий
2600	1	1	жестокий
2601	1	1	жилец
2602	1	1	жир
2603	1	1	жопа
2604	1	1	жрать
2605	1	1	з
2606	1	1	забайкальский
2607	1	1	забить
2608	1	1	заблудиться
2609	1	1	заболеваемость
2610	1	1	заболеть
2611	1	1	заборье
2612	1	1	заборья
2613	1	1	заботиться
2614	1	1	забросить
2615	1	1	завершение
2616	1	1	завесить
2617	1	1	зависать
2618	1	1	заводить
2619	1	1	завоевывать
2620	1	1	завязывать
2621	1	1	загар
2622	1	1	заглянуть
2623	1	1	заговор
2624	1	1	загоняться
2625	1	1	загорать
2626	1	1	загореть
2627	1	1	заготовка
2628	1	1	заготовлять
2629	1	1	зад
2630	1	1	задевать
2631	1	1	задний
2632	1	1	задник
2633	1	1	задремать
2634	1	1	задуматься
2635	1	1	зажить
2636	1	1	заиграть
2637	1	1	заика
2638	1	1	заикаться
2639	1	1	заканчивать
2640	1	1	закармливать
2641	1	1	закидывать
2642	1	1	закинуть
2643	1	1	закладывать
2644	1	1	заключенный
2645	1	1	законный
2646	1	1	законодательство
2647	1	1	законсервировать
2648	1	1	закопнить
2649	1	1	закрытый
2650	1	1	закрыть
2651	1	1	закрыться
2652	1	1	закусить
2653	1	1	закуска
2654	1	1	залежье
2655	1	1	залезать
2656	1	1	заливать
2657	1	1	заложить
2658	1	1	зам
2659	1	1	заменить
2660	1	1	замерзнуть
2661	1	1	заметить
2662	1	1	заметка
2663	1	1	замечательный
2664	1	1	замечать
2665	1	1	замешанный
2666	1	1	замещение
2667	1	1	замирать
2668	1	1	замужем
2669	1	1	занавеска
2670	1	1	западный
2671	1	1	записать
2672	1	1	заповедник
2673	1	1	заполнить
2674	1	1	заправлять
2675	1	1	запретить
2676	1	1	запрягать
2677	1	1	зарабатывание
2678	1	1	зараза
2679	1	1	зараньше
2680	1	1	зарасти
2681	1	1	зарегистрировать
2682	1	1	зарезать
2683	1	1	засадить
2684	1	1	заскирдовать
2685	1	1	заслона
2686	1	1	заставлять
2687	1	1	заставляться
2688	1	1	застаиваться
2689	1	1	застать
2690	1	1	затапливаться
2691	1	1	затопить
2692	1	1	заторнуть
2693	1	1	затрата
2694	1	1	затратить
2695	1	1	затруднить
2696	1	1	заузить
2697	1	1	захватить
2698	1	1	захет
2699	1	1	защитить
2700	1	1	защититься
2701	1	1	защищать
2702	1	1	заявка
2703	1	1	заяц
2704	1	1	звезда
2705	1	1	звучный
2706	1	1	зд
2707	1	1	здравие
2708	1	1	зеленый
2709	1	1	земляк
2710	1	1	земфира
2711	1	1	зерновые
2712	1	1	злой
2713	1	1	знак
2714	1	1	знакомиться
2715	1	1	значимый
2716	1	1	значительный
2717	1	1	золотой
2718	1	1	зона
2719	1	1	зосимовский
2720	1	1	зрение
2721	1	1	зритель
2722	1	1	зять
2723	1	1	иванович
2724	1	1	ивэнт
2725	1	1	игимново
2726	1	1	идеально
2727	1	1	идеальный
2728	1	1	избить
2729	1	1	избушка
2730	1	1	извечный
2731	1	1	извиняться
2732	1	1	извне
2733	1	1	издалека
2734	1	1	изнасиловать
2735	1	1	изначально
2736	1	1	изо
2737	1	1	изучаться
2738	1	1	изучение
2739	1	1	изъесть
2740	1	1	изъялово
2741	1	1	изъять
2742	1	1	иии
2743	1	1	икона
2744	1	1	илларион
2745	1	1	ильин
2746	1	1	илья
2747	1	1	имеретинка
2748	1	1	импровизационный
2749	1	1	иначе
2750	1	1	инвалид
2751	1	1	инвентаризация
2752	1	1	ингуш
2753	1	1	индентификация
2754	1	1	индивидуальный
2755	1	1	иностранный
2756	1	1	инспектор
2757	1	1	институтский
2758	1	1	интересовать
2759	1	1	интересоваться
2760	1	1	интернационалист
2761	1	1	интимный
2762	1	1	инфраструктурный
2763	1	1	иншаллах
2764	1	1	иркутский
2765	1	1	искренне
2766	1	1	искусственный
2767	1	1	испечь
2768	1	1	исполнять
2769	1	1	испортиться
2770	1	1	исследователь
2771	1	1	историк
2772	1	1	источник
2773	1	1	итак
2774	1	1	итальянски
2775	1	1	итог
2776	1	1	кабан
2777	1	1	кабардинец
2778	1	1	кадило
2779	1	1	кадр
2780	1	1	казино
2781	1	1	кайфовый
2782	1	1	калитка
2783	1	1	калкарио
2784	1	1	кандидат
2785	1	1	каникулы
2786	1	1	капец
2787	1	1	капитальный
2788	1	1	капля
2789	1	1	караван
2790	1	1	карачаевец
2791	1	1	карачаево
2792	1	1	кардинальный
2793	1	1	карим
2794	1	1	карликовый
2795	1	1	картоха
2796	1	1	карцовка
2797	1	1	катастрофически
2798	1	1	катастрофичный
2799	1	1	кататься
2800	1	1	катушка
2801	1	1	качели
2802	1	1	качественно
2803	1	1	кашляет
2804	1	1	кашлянул
2805	1	1	квнщик
2806	1	1	кедр
2807	1	1	кепка
2808	1	1	кивнуть
2809	1	1	кидальщик
2810	1	1	киев
2811	1	1	кинолог
2812	1	1	кинологический
2813	1	1	киношный
2814	1	1	кипучий
2815	1	1	кисточка
2816	1	1	кл
2817	1	1	кладбища
2818	1	1	кладовка
2819	1	1	классный
2820	1	1	клещ
2821	1	1	кликать
2822	1	1	клиника
2823	1	1	клок
2824	1	1	клоп
2825	1	1	ключ
2826	1	1	ключищи
2827	1	1	клясться
2828	1	1	книжный
2829	1	1	кобель
2830	1	1	ковш
2831	1	1	коза
2832	1	1	козырек
2833	1	1	козьма
2834	1	1	козявочка
2835	1	1	коклюшечка
2836	1	1	колбаска
2837	1	1	коллектив
2838	1	1	коллективизация
2839	1	1	колонхоэ
2840	1	1	колоссальный
2841	1	1	колотить
2842	1	1	колхозный
2843	1	1	колька
2844	1	1	кольцо
2845	1	1	коля
2846	1	1	командировка
2847	1	1	комарье
2848	1	1	комиссар
2849	1	1	коммуницировать
2850	1	1	коморить
2851	1	1	комп
2852	1	1	комплектация
2853	1	1	комплектование
2854	1	1	комфортный
2855	1	1	конкретно
2856	1	1	конкурент
2857	1	1	конкурентный
2858	1	1	конструктивный
2859	1	1	конструкция
2860	1	1	контрмера
2861	1	1	концерт
2862	1	1	кончаться
2863	1	1	конченый
2864	1	1	кончиться
2865	1	1	корзина
2866	1	1	корзун
2867	1	1	корм
2868	1	1	коробок
2869	1	1	коробочек
2870	1	1	корпоративность
2871	1	1	корпорация
2872	1	1	корреляция
2873	1	1	коррупция
2874	1	1	корыто
2875	1	1	костерить
2876	1	1	костлявый
2877	1	1	костылев
2878	1	1	кость
2879	1	1	котель
2880	1	1	котор
2881	1	1	кофе
2882	1	1	кошачий
2883	1	1	кошка
2884	1	1	кошмарный
2885	1	1	край
2886	1	1	крантик
2887	1	1	красавный
2888	1	1	красиво
2889	1	1	красить
2890	1	1	краситься
2891	1	1	краска
2892	1	1	краснеть
2893	1	1	краснодон
2894	1	1	красота
2895	1	1	краткосрочный
2896	1	1	кремлевский
2897	1	1	кремль
2898	1	1	крепко
2899	1	1	крестьянка
2900	1	1	крестьянский
2901	1	1	кровать
2902	1	1	крошить
2903	1	1	кружок
2904	1	1	круп
2905	1	1	крупина
2906	1	1	крупинка
2907	1	1	крупица
2908	1	1	крупный
2909	1	1	крутой
2910	1	1	крче
2911	1	1	крюк
2912	1	1	крючищи
2913	1	1	кудрин
2914	1	1	кузнецкий
2915	1	1	кузница
2916	1	1	кукушка
2917	1	1	кулюб
2918	1	1	купаться
2919	1	1	куратинский
2920	1	1	курировать
2921	1	1	курить
2922	1	1	куропатка
2923	1	1	куртка
2924	1	1	кусок
2925	1	1	куст
2926	1	1	кутя
2927	1	1	лабораторий
2928	1	1	лаборатория
2929	1	1	лавочка
2930	1	1	лагерь
2931	1	1	лазать
2932	1	1	лазить
2933	1	1	латвийский
2934	1	1	латвия
2935	1	1	левинка
2936	1	1	левшино
2937	1	1	легенда
2938	1	1	легко
2939	1	1	легковой
2940	1	1	лекарство
2941	1	1	лекция
2942	1	1	лениногорск
2943	1	1	ленинский
2944	1	1	лениться
2945	1	1	лепить
2946	1	1	лестница
2947	1	1	летний
2948	1	1	леша
2949	1	1	лешка
2950	1	1	линейный
2951	1	1	липа
2952	1	1	лист
2953	1	1	листок
2954	1	1	листочек
2955	1	1	литва
2956	1	1	литературно
2957	1	1	литровый
2958	1	1	лифт
2959	1	1	личный
2960	1	1	лишать
2961	1	1	лишь
2962	1	1	ло
2963	1	1	лобовой
2964	1	1	ловкий
2965	1	1	ложиться
2966	1	1	лозунг
2967	1	1	лоскотать
2968	1	1	луганск
2969	1	1	лугинов
2970	1	1	лукашенко
2971	1	1	лукьянова
2972	1	1	лучший
2973	1	1	лыва
2974	1	1	лысов
2975	1	1	ль
2976	1	1	льгота
2977	1	1	лю
2978	1	1	люба
2979	1	1	любе
2980	1	1	любому
2981	1	1	люксембург
2982	1	1	ляхостный
2983	1	1	мага
2984	1	1	магия
2985	1	1	мажор
2986	1	1	мазать
2987	1	1	макака
2988	1	1	максимум
2989	1	1	маланьин
2990	1	1	маломощненький
2991	1	1	малый
2992	1	1	мальчишка
2993	1	1	мамаша
2994	1	1	мангал
2995	1	1	маникюрщица
2996	1	1	маньяк
2997	1	1	маня
2998	1	1	марина
2999	1	1	маркетинг
3000	1	1	маршалл
3001	1	1	марянян
3002	1	1	маска
3003	1	1	маслаков
3004	1	1	маслице
3005	1	1	маслуков
3006	1	1	массив
3007	1	1	мастер
3008	1	1	мастерка
3009	1	1	масштабный
3010	1	1	материнство
3011	1	1	матерок
3012	1	1	матушечек
3013	1	1	матушок
3014	1	1	мачеха
3015	1	1	мгиллиграмм
3016	1	1	мега
3017	1	1	мегазвезда
3018	1	1	мед
3019	1	1	медведев
3020	1	1	медведь
3021	1	1	медный
3022	1	1	медцентр
3023	1	1	мейнстрим
3024	1	1	мелочный
3025	1	1	мельниченко
3026	1	1	меньшой
3027	1	1	мерзлота
3028	1	1	мерка
3029	1	1	мерять
3030	1	1	местник
3031	1	1	месячный
3032	1	1	методика
3033	1	1	методичка
3034	1	1	мечтать
3035	1	1	мешок
3036	1	1	микрофон
3037	1	1	милиция
3038	1	1	милок
3039	1	1	милый
3040	1	1	мирный
3041	1	1	мировой
3042	1	1	мичурино
3043	1	1	младенец
3044	1	1	множество
3045	1	1	модный
3046	1	1	мож
3047	1	1	мозговой
3048	1	1	мокасина
3049	1	1	молоденький
3050	1	1	молодочка
3051	1	1	молодяшка
3052	1	1	молочный
3053	1	1	монтаж
3054	1	1	моральный
3055	1	1	морда
3056	1	1	мордочка
3057	1	1	море
3058	1	1	моречка
3059	1	1	морковь
3060	1	1	мороз
3061	1	1	морозка
3062	1	1	морозов
3063	1	1	морочачить
3064	1	1	москвич
3065	1	1	московский
3066	1	1	мочалка
3067	1	1	мощный
3068	1	1	мстера
3069	1	1	мужиков
3070	1	1	мужской
3071	1	1	мурал
3072	1	1	мурзабулатов
3073	1	1	мустаян
3074	1	1	мутный
3075	1	1	мчать
3076	1	1	мыло
3077	1	1	мэрфи
3078	1	1	мясников
3079	1	1	н
3080	1	1	набережная
3081	1	1	наблюдать
3082	1	1	набухать
3083	1	1	набухнуть
3084	1	1	наверху
3085	1	1	навет
3086	1	1	навивать
3087	1	1	наводнение
3088	1	1	навредить
3089	1	1	навряд
3090	1	1	навязать
3091	1	1	наглядеться
3092	1	1	наговаривать
3093	1	1	надежда
3094	1	1	надобно
3095	1	1	надобный
3096	1	1	надя
3097	1	1	названье
3098	1	1	назначить
3099	1	1	назревать
3100	1	1	накануне
3101	1	1	накидывать
3102	1	1	накинуть
3103	1	1	накласть
3104	1	1	накопить
3105	1	1	накопиться
3106	1	1	накосить
3107	1	1	накутать
3108	1	1	накушаться
3109	1	1	наличие
3110	1	1	наморочачить
3111	1	1	намыться
3112	1	1	нанесение
3113	1	1	наоборот
3114	1	1	напомнить
3115	1	1	направлять
3116	1	1	напротив
3117	1	1	напрядин
3118	1	1	напугать
3119	1	1	наравне
3120	1	1	наседка
3121	1	1	насидеться
3122	1	1	насквозь
3123	1	1	наскоко
3124	1	1	наследник
3125	1	1	наставник
3126	1	1	настать
3127	1	1	настороженно
3128	1	1	настоятельно
3129	1	1	настоять
3130	1	1	наступать
3131	1	1	наступление
3132	1	1	насчитываться
3133	1	1	натаха
3134	1	1	натопить
3135	1	1	натэла
3136	1	1	наулиться
3137	1	1	наушники
3138	1	1	находить
3139	1	1	национализм
3140	1	1	национальность
3141	1	1	начальный
3142	1	1	начертить
3143	1	1	неа
3144	1	1	небольшой
3145	1	1	небось
3146	1	1	нево
3147	1	1	невозможно
3148	1	1	невозможность
3149	1	1	невольно
3150	1	1	негде
3151	1	1	негр
3152	1	1	недалек
3153	1	1	недалеко
3154	1	1	недетский
3155	1	1	недоверие
3156	1	1	недолго
3157	1	1	нежели
3158	1	1	незаметный
3159	1	1	незамужний
3160	1	1	нездоровый
3161	1	1	неизвестный
3162	1	1	нейм
3163	1	1	некого
3164	1	1	некуда
3165	1	1	неладно
3166	1	1	нелегко
3167	1	1	немалый
3168	1	1	немецки
3169	1	1	немецкий
3170	1	1	немного
3171	1	1	немой
3172	1	1	немужчина
3173	1	1	ненавидеть
3174	1	1	ненастье
3175	1	1	ненормальный
3176	1	1	ненужный
3177	1	1	необходимый
3178	1	1	необязательный
3179	1	1	неокрепший
3180	1	1	неосознанно
3181	1	1	неплохо
3182	1	1	неподалеку
3183	1	1	неподражаемый
3184	1	1	непоздоровиться
3185	1	1	непонятный
3186	1	1	непослушный
3187	1	1	неправда
3188	1	1	неприятность
3189	1	1	нерв
3190	1	1	несовершеннолетний
3191	1	1	неспокойствие
3192	1	1	нести
3193	1	1	нетеля
3194	1	1	неужели
3195	1	1	неустанный
3196	1	1	нехороший
3197	1	1	нечаев
3198	1	1	нечто
3199	1	1	нива
3200	1	1	низкий
3201	1	1	никак
3202	1	1	никалы
3203	1	1	никиша
3204	1	1	никола
3205	1	1	николаевич
3206	1	1	николи
3207	1	1	никонова
3208	1	1	нн
3209	1	1	новгород
3210	1	1	нововведение
3211	1	1	ногий
3212	1	1	ноготочек
3213	1	1	ноготь
3214	1	1	ножка
3215	1	1	нон
3216	1	1	норвегия
3217	1	1	норовить
3218	1	1	ностальгировать
3219	1	1	нота
3220	1	1	нотный
3221	1	1	ночевать
3222	1	1	ноченька
3223	1	1	нуждаться
3224	1	1	нургалиевич
3225	1	1	ныне
3226	1	1	нынче
3227	1	1	нюхать
3228	1	1	оббежать
3229	1	1	обвисать
3230	1	1	обезжирить
3231	1	1	обезьяна
3232	1	1	обеспечить
3233	1	1	обжить
3234	1	1	обидный
3235	1	1	облизываться
3236	1	1	обмануть
3237	1	1	обнимать
3238	1	1	обнинск
3239	1	1	обоа
3240	1	1	обогнать
3241	1	1	обойти
3242	1	1	оборвать
3243	1	1	оборонить
3244	1	1	обр
3245	1	1	образец
3246	1	1	образованный
3247	1	1	образовательный
3248	1	1	образовываться
3249	1	1	обратиться
3250	1	1	обрести
3251	1	1	обсудить
3252	1	1	обсчитывать
3253	1	1	обустроить
3254	1	1	обшарить
3255	1	1	общежитие
3256	1	1	общей
3257	1	1	общение
3258	1	1	общеобразовательный
3259	1	1	общественно
3260	1	1	общет
3261	1	1	объединение
3262	1	1	объективно
3263	1	1	объявить
3264	1	1	объявлять
3265	1	1	объяснимый
3266	1	1	обыденный
3267	1	1	обыкновенный
3268	1	1	обыск
3269	1	1	обязанный
3270	1	1	обязывать
3271	1	1	овес
3272	1	1	овраг
3273	1	1	овсянка
3274	1	1	овсяный
3275	1	1	овцеводство
3276	1	1	овчарка
3277	1	1	ого
3278	1	1	огонь
3279	1	1	огород
3280	1	1	огорчаться
3281	1	1	ограблять
3282	1	1	оградить
3283	1	1	ограждение
3284	1	1	одевать
3285	1	1	одежда
3286	1	1	одиннадцатый
3287	1	1	одногодка
3288	1	1	одноногий
3289	1	1	одностволка
3290	1	1	одолевать
3291	1	1	означать
3292	1	1	озябнуть
3293	1	1	оказывать
3294	1	1	окаменеть
3295	1	1	окей
3296	1	1	оккупация
3297	1	1	округ
3298	1	1	окружать
3299	1	1	октябрь
3300	1	1	оля
3301	1	1	оне
3302	1	1	онлайн
3303	1	1	оо
3304	1	1	опасный
3305	1	1	оперативник
3306	1	1	оперативный
3307	1	1	описывать
3308	1	1	ополоски
3309	1	1	опорно
3310	1	1	оправдать
3311	1	1	определенно
3312	1	1	опрокинуть
3313	1	1	оптимальный
3314	1	1	оптимистичный
3315	1	1	оптимум
3316	1	1	опухнуть
3317	1	1	опухоль
3318	1	1	орангутан
3319	1	1	орать
3320	1	1	организовать
3321	1	1	орджоникидзе
3322	1	1	орнамент
3323	1	1	освобождать
3324	1	1	осетин
3325	1	1	осиновик
3326	1	1	осиновка
3327	1	1	осиновки
3328	1	1	осмотреться
3329	1	1	основа
3330	1	1	особо
3331	1	1	осознанно
3332	1	1	оспа
3333	1	1	оставлять
3334	1	1	останавливать
3335	1	1	остаток
3336	1	1	осторожничать
3337	1	1	острый
3338	1	1	отбирать
3339	1	1	отбоина
3340	1	1	отвалиться
3341	1	1	ответственность
3342	1	1	отвлекать
3343	1	1	отвратительно
3344	1	1	отделаться
3345	1	1	отделение
3346	1	1	отдых
3347	1	1	отжить
3348	1	1	отказать
3349	1	1	отказаться
3350	1	1	отказываться
3351	1	1	отказывваться
3352	1	1	отлив
3353	1	1	отменить
3354	1	1	отмереть
3355	1	1	отмыться
3356	1	1	отнести
3357	1	1	отобрать
3358	1	1	отовсюду
3359	1	1	отопление
3360	1	1	оторвать
3361	1	1	отправлять
3362	1	1	отправляться
3363	1	1	отпускать
3364	1	1	отрадный
3365	1	1	отрицать
3366	1	1	отсаживать
3367	1	1	отслужить
3368	1	1	отставка
3369	1	1	отстать
3370	1	1	отстраивать
3371	1	1	отсутствие
3372	1	1	отсчет
3373	1	1	отталкивание
3374	1	1	оттудова
3375	1	1	отупеть
3376	1	1	отхапать
3377	1	1	отходный
3378	1	1	отцов
3379	1	1	официальный
3380	1	1	ох
3381	1	1	охота
3382	1	1	охотник
3383	1	1	оценить
3384	1	1	очаровательный
3385	1	1	очевидный
3386	1	1	очередной
3387	1	1	очистить
3388	1	1	очистной
3389	1	1	очищаться
3390	1	1	ошалеть
3391	1	1	ошибаться
3392	1	1	ошпарить
3393	1	1	ощущать
3394	1	1	ощущение
3395	1	1	па
3396	1	1	павловна
3397	1	1	падать
3398	1	1	палка
3399	1	1	пальчик
3400	1	1	панель
3401	1	1	папаша
3402	1	1	пар
3403	1	1	параллельно
3404	1	1	парсизон
3405	1	1	партийный
3406	1	1	партия
3407	1	1	парфенова
3408	1	1	пас
3409	1	1	паспортный
3410	1	1	пастуший
3411	1	1	пасха
3412	1	1	патрон
3413	1	1	паутина
3414	1	1	пацаненок
3415	1	1	пациент
3416	1	1	пейзаж
3417	1	1	пенза
3418	1	1	пензиков
3419	1	1	пенсионер
3420	1	1	первенство
3421	1	1	первоученик
3422	1	1	первошкола
3423	1	1	перебрать
3424	1	1	перевернуть
3425	1	1	переверт
3426	1	1	перевертень
3427	1	1	перевести
3428	1	1	перевод
3429	1	1	передача
3430	1	1	передачка
3431	1	1	передвигаться
3432	1	1	передвижной
3433	1	1	переделать
3434	1	1	переезд
3435	1	1	переживание
3436	1	1	переживать
3437	1	1	пережить
3438	1	1	переименовать
3439	1	1	перекреститься
3440	1	1	перемешать
3441	1	1	переселение
3442	1	1	переселяться
3443	1	1	пересмотреть
3444	1	1	переход
3445	1	1	переходить
3446	1	1	периодически
3447	1	1	перо
3448	1	1	перспектива
3449	1	1	петр
3450	1	1	петрович
3451	1	1	печатать
3452	1	1	печататься
3453	1	1	печать
3454	1	1	печень
3455	1	1	пилотка
3456	1	1	пирог
3457	1	1	пирожок
3458	1	1	писаться
3459	1	1	пить
3460	1	1	питьевой
3461	1	1	пища
3462	1	1	плавно
3463	1	1	пласт
3464	1	1	платьице
3465	1	1	плач
3466	1	1	плейстейшен
3467	1	1	плита
3468	1	1	плотнечок
3469	1	1	плотный
3470	1	1	пляж
3471	1	1	плясунья
3472	1	1	победитель
3473	1	1	победить
3474	1	1	побеждать
3475	1	1	побить
3476	1	1	побороть
3477	1	1	побыть
3478	1	1	повертывать
3479	1	1	повести
3480	1	1	повзрослеть
3481	1	1	повинный
3482	1	1	повлиять
3483	1	1	повод
3484	1	1	повозиться
3485	1	1	повсеместно
3486	1	1	повтор
3487	1	1	повторить
3488	1	1	повторять
3489	1	1	повыкопать
3490	1	1	повыступать
3491	1	1	повышение
3492	1	1	поглощение
3493	1	1	поглядывать
3494	1	1	погодка
3495	1	1	погреб
3496	1	1	погрузка
3497	1	1	погулять
3498	1	1	подбор
3499	1	1	подготовить
3500	1	1	подготовиться
3501	1	1	подготовка
3502	1	1	поддаваться
3503	1	1	поддерживаться
3504	1	1	поделаться
3505	1	1	поделиться
3506	1	1	подзиривать
3507	1	1	подивиться
3508	1	1	подкалывать
3509	1	1	подкрасться
3510	1	1	подмыть
3511	1	1	поднимать
3512	1	1	поднять
3513	1	1	подняться
3514	1	1	подо
3515	1	1	подозреваемый
3516	1	1	подозрение
3517	1	1	подоить
3518	1	1	подольский
3519	1	1	подпалить
3520	1	1	подписчик
3521	1	1	подраться
3522	1	1	подросток
3523	1	1	подручный
3524	1	1	подсвинков
3525	1	1	подслушать
3526	1	1	подсчет
3527	1	1	подталкивать
3528	1	1	подтирать
3529	1	1	подушечка
3530	1	1	подъем
3531	1	1	подыскивать
3532	1	1	подышать
3533	1	1	поездка
3534	1	1	пожаловать
3535	1	1	пожар
3536	1	1	пожевать
3537	1	1	пожениться
3538	1	1	пожилой
3539	1	1	позабрать
3540	1	1	позабывать
3541	1	1	позавтракать
3542	1	1	позавчера
3543	1	1	позапоздниться
3544	1	1	позволить
3545	1	1	поздний
3546	1	1	поздорову
3547	1	1	познакомить
3548	1	1	поиск
3549	1	1	поисковый
3550	1	1	поить
3551	1	1	показатель
3552	1	1	показаться
3553	1	1	покамест
3554	1	1	покупаться
3555	1	1	покурить
3556	1	1	полад
3557	1	1	полгектара
3558	1	1	полгорода
3559	1	1	полегонечку
3560	1	1	полежать
3561	1	1	полезть
3562	1	1	полиция
3563	1	1	полковник
3564	1	1	полно
3565	1	1	полнометражный
3566	1	1	полноценный
3567	1	1	полночь
3568	1	1	половой
3569	1	1	поломать
3570	1	1	полоса
3571	1	1	полоскать
3572	1	1	полоть
3573	1	1	полуавтоматический
3574	1	1	полудревесный
3575	1	1	полуназемный
3576	1	1	получение
3577	1	1	польза
3578	1	1	пользователь
3579	1	1	помазать
3580	1	1	помазаться
3581	1	1	помаленьку
3582	1	1	померять
3583	1	1	помещение
3584	1	1	поминание
3585	1	1	поминать
3586	1	1	поминки
3587	1	1	помногу
3588	1	1	помощник
3589	1	1	помыться
3590	1	1	поначалу
3591	1	1	понежиться
3592	1	1	понемногу
3593	1	1	поносить
3594	1	1	поощрение
3595	1	1	поп
3596	1	1	попадаться
3597	1	1	попариться
3598	1	1	попечительство
3599	1	1	попить
3600	1	1	поплясать
3601	1	1	поповесять
3602	1	1	пополнять
3603	1	1	поправка
3604	1	1	попредставлять
3605	1	1	попретиться
3606	1	1	поприезжать
3607	1	1	попрыгать
3608	1	1	попытаться
3609	1	1	поработать
3610	1	1	поросятки
3611	1	1	портки
3612	1	1	поручение
3613	1	1	поручить
3614	1	1	посевной
3615	1	1	посевный
3616	1	1	посередь
3617	1	1	последователь
3618	1	1	последовательность
3619	1	1	пословица
3620	1	1	послушный
3621	1	1	посмеиваться
3622	1	1	пост
3623	1	1	постареть
3624	1	1	постепенно
3625	1	1	постигать
3626	1	1	постирать
3627	1	1	постпродакшн
3628	1	1	постсоветский
3629	1	1	поступок
3630	1	1	пот
3631	1	1	потенциально
3632	1	1	потеплеть
3633	1	1	поток
3634	1	1	потолок
3635	1	1	потребитель
3636	1	1	потребность
3637	1	1	потребоваться
3638	1	1	потрясающий
3639	1	1	поуехать
3640	1	1	поумереть
3641	1	1	поучаствовать
3642	1	1	похвальный
3643	1	1	похлебать
3644	1	1	почернеть
3645	1	1	почетный
3646	1	1	почка
3647	1	1	пошвыркать
3648	1	1	пояснить
3649	1	1	пр
3650	1	1	правдивый
3651	1	1	правнук
3652	1	1	православный
3653	1	1	правый
3654	1	1	праздничный
3655	1	1	празднование
3656	1	1	практичный
3657	1	1	предвыборный
3658	1	1	преддверие
3659	1	1	предлагать
3660	1	1	предполагать
3661	1	1	предположение
3662	1	1	предположительно
3663	1	1	предпринимать
3664	1	1	представиться
3665	1	1	представление
3666	1	1	предстоять
3667	1	1	предупредительный
3668	1	1	предупредить
3669	1	1	предыдущий
3670	1	1	предыстория
3671	1	1	прежде
3672	1	1	прелестный
3673	1	1	преображаться
3674	1	1	преподноситься
3675	1	1	препона
3676	1	1	престижный
3677	1	1	престольный
3678	1	1	претить
3679	1	1	пречистенский
3680	1	1	прибавить
3681	1	1	прибежать
3682	1	1	привариться
3683	1	1	приводить
3684	1	1	привязать
3685	1	1	пригласить
3686	1	1	приговорить
3687	1	1	придерживать
3688	1	1	придерживаться
3689	1	1	придурочно
3690	1	1	придурочный
3691	1	1	приежать
3692	1	1	приезд
3693	1	1	прижать
3694	1	1	призадуматься
3695	1	1	признаться
3696	1	1	призрак
3697	1	1	приказ
3698	1	1	прикинуть
3699	1	1	прикладывать
3700	1	1	приключилось
3701	1	1	приключить
3702	1	1	приключиться
3703	1	1	приколоть
3704	1	1	приколу
3705	1	1	прикольно
3706	1	1	прикрутить
3707	1	1	прикрыть
3708	1	1	прилечь
3709	1	1	приличный
3710	1	1	пример
3711	1	1	принудильщик
3712	1	1	принципиально
3713	1	1	принятый
3714	1	1	приобрести
3715	1	1	приотарный
3716	1	1	прислать
3717	1	1	присмотр
3718	1	1	присоединиться
3719	1	1	пристрогаться
3720	1	1	пристройка
3721	1	1	приступить
3722	1	1	присутствовать
3723	1	1	приходиться
3724	1	1	причем
3725	1	1	прическа
3726	1	1	причесываться
3727	1	1	пробовать
3728	1	1	проверка
3729	1	1	прогнать
3730	1	1	прогноз
3731	1	1	проговорить
3732	1	1	проголодаться
3733	1	1	прогонять
3734	1	1	прогулять
3735	1	1	продавец
3736	1	1	продажа
3737	1	1	продажность
3738	1	1	продвигаться
3739	1	1	продоить
3740	1	1	проезд
3741	1	1	проездить
3742	1	1	проезжать
3743	1	1	прозвать
3744	1	1	произрастать
3745	1	1	пройтись
3746	1	1	прокомментировать
3747	1	1	пролить
3748	1	1	пролонгация
3749	1	1	пропасть
3750	1	1	прописать
3751	1	1	прописывать
3752	1	1	пропускной
3753	1	1	пропустить
3754	1	1	прорывать
3755	1	1	прослеживать
3756	1	1	проснуться
3757	1	1	прострелить
3758	1	1	просыпаться
3759	1	1	просьба
3760	1	1	протестовать
3761	1	1	противный
3762	1	1	протяжно
3763	1	1	профессионально
3764	1	1	профиль
3765	1	1	профильный
3766	1	1	прочее
3767	1	1	прочистить
3768	1	1	прошлогодний
3769	1	1	прудик
3770	1	1	прутков
3771	1	1	пры
3772	1	1	прыгнуть
3773	1	1	птица
3774	1	1	пункт
3775	1	1	пусть
3776	1	1	путана
3777	1	1	путаться
3778	1	1	пух
3779	1	1	пушистый
3780	1	1	пущать
3781	1	1	пытаться
3782	1	1	пьеса
3783	1	1	пятидесятый
3784	1	1	пятидневка
3785	1	1	пятнадцатый
3786	1	1	р
3787	1	1	ра
3788	1	1	раб
3789	1	1	раба
3790	1	1	ради
3791	1	1	радио
3792	1	1	радостный
3793	1	1	разбегаться
3794	1	1	разбиваться
3795	1	1	разбираться
3796	1	1	разборка
3797	1	1	развалиться
3798	1	1	развитый
3799	1	1	развиться
3800	1	1	разга
3801	1	1	разгон
3802	1	1	раздевалка
3803	1	1	разделение
3804	1	1	разделить
3805	1	1	раздеть
3806	1	1	раздумывать
3807	1	1	различный
3808	1	1	размер
3809	1	1	размешивать
3810	1	1	разному
3811	1	1	разнообразие
3812	1	1	разобрать
3813	1	1	разогнать
3814	1	1	разойтись
3815	1	1	разрушаться
3816	1	1	разыскивать
3817	1	1	раиль
3818	1	1	рай
3819	1	1	рановато
3820	1	1	раскопать
3821	1	1	раскрыть
3822	1	1	раскулачивание
3823	1	1	раскулачить
3824	1	1	расплод
3825	1	1	располагать
3826	1	1	расположение
3827	1	1	расправить
3828	1	1	распространение
3829	1	1	распространенный
3830	1	1	рассказ
3831	1	1	рассмотрение
3832	1	1	расставание
3833	1	1	рассыпчатый
3834	1	1	растащить
3835	1	1	раствориться
3836	1	1	растение
3837	1	1	рашитывать
3838	1	1	рая
3839	1	1	рваный
3840	1	1	реализовывать
3841	1	1	реальность
3842	1	1	революция
3843	1	1	регламентироваться
3844	1	1	регулировать
3845	1	1	редактор
3846	1	1	режим
3847	1	1	резко
3848	1	1	рейка
3849	1	1	рейтинговый
3850	1	1	рекорд
3851	1	1	ремонт
3852	1	1	репродуктор
3853	1	1	ресторан
3854	1	1	ресурс
3855	1	1	рецепт
3856	1	1	риал
3857	1	1	рига
3858	1	1	ринг
3859	1	1	риск
3860	1	1	ритка
3861	1	1	ритуал
3862	1	1	ровесник
3863	1	1	ровный
3864	1	1	рог
3865	1	1	род
3866	1	1	родина
3867	1	1	родить
3868	1	1	родственный
3869	1	1	рожа
3870	1	1	роза
3871	1	1	рок
3872	1	1	романтика
3873	1	1	романтический
3874	1	1	романтичный
3875	1	1	ромашка
3876	1	1	росагромаш
3877	1	1	ростовский
3878	1	1	ростсельмаш
3879	1	1	роща
3880	1	1	ртрс
3881	1	1	рубрика
3882	1	1	рукавица
3883	1	1	руководство
3884	1	1	рулон
3885	1	1	румяный
3886	1	1	русло
3887	1	1	рустам
3888	1	1	рыбак
3889	1	1	рыть
3890	1	1	рээ
3891	1	1	рядышком
3892	1	1	рязанский
3893	1	1	савка
3894	1	1	сад
3895	1	1	садить
3896	1	1	самара
3897	1	1	самоидентифицировать
3898	1	1	самоизоляция
3899	1	1	самооголение
3900	1	1	самородок
3901	1	1	самостоятельно
3902	1	1	самочувствие
3903	1	1	самшитовый
3904	1	1	саратов
3905	1	1	сахарок
3906	1	1	сбегать
3907	1	1	сбегаться
3908	1	1	сбоку
3909	1	1	свекровия
3910	1	1	свекровка
3911	1	1	свекровушка
3912	1	1	свекруха
3913	1	1	свердловск
3914	1	1	светить
3915	1	1	светиться
3916	1	1	светленький
3917	1	1	свидание
3918	1	1	свистеть
3919	1	1	своему
3920	1	1	своеобразный
3921	1	1	сворачивать
3922	1	1	своротить
3923	1	1	свысока
3924	1	1	связаться
3925	1	1	святой
3926	1	1	сгореть
3927	1	1	сдерживать
3928	1	1	сдобрить
3929	1	1	сдохнуть
3930	1	1	сдуться
3931	1	1	север
3932	1	1	сегда
3933	1	1	седне
3934	1	1	седня
3935	1	1	сексуальный
3936	1	1	сектор
3937	1	1	селение
3938	1	1	селковников
3939	1	1	сельсовет
3940	1	1	семенковский
3941	1	1	семидесятилетие
3942	1	1	семнадцатый
3943	1	1	семнадцать
3944	1	1	семьсот
3945	1	1	сенокос
3946	1	1	сертификат
3947	1	1	сзади
3948	1	1	сизо
3949	1	1	сильный
3950	1	1	синоним
3951	1	1	сирота
3952	1	1	сказываться
3953	1	1	скандалить
3954	1	1	сквозной
3955	1	1	скирдовка
3956	1	1	склад
3957	1	1	склониться
3958	1	1	сковородник
3959	1	1	скок
3960	1	1	скосить
3961	1	1	скреплево
3962	1	1	скучно
3963	1	1	слать
3964	1	1	слететь
3965	1	1	слечь
3966	1	1	слобода
3967	1	1	словечечко
3968	1	1	словечко
3969	1	1	словечушко
3970	1	1	сложиться
3971	1	1	сложность
3972	1	1	слон
3973	1	1	слыхать
3974	1	1	смениться
3975	1	1	смертельно
3976	1	1	смертность
3977	1	1	смерть
3978	1	1	смех
3979	1	1	снарядить
3980	1	1	снежинка
3981	1	1	снежок
3982	1	1	сногсшибательный
3983	1	1	сноп
3984	1	1	снопик
3985	1	1	собр
3986	1	1	собственно
3987	1	1	совдепия
3988	1	1	совершить
3989	1	1	совмещать
3990	1	1	совок
3991	1	1	совхоз
3992	1	1	согласие
3993	1	1	соединение
3994	1	1	соединить
3995	1	1	сожрать
3996	1	1	создание
3997	1	1	создать
3998	1	1	сознавать
3999	1	1	сознание
4000	1	1	солнышко
4001	1	1	сон
4002	1	1	сообщение
4003	1	1	соответствовать
4004	1	1	соответствующий
4005	1	1	сопроводить
4006	1	1	сопротивление
4007	1	1	соревнование
4008	1	1	соседушка
4009	1	1	соскучиться
4010	1	1	сосна
4011	1	1	состоять
4012	1	1	сотка
4013	1	1	социализация
4014	1	1	социальный
4015	1	1	социолог
4016	1	1	сочувствовать
4017	1	1	союз
4018	1	1	спад
4019	1	1	спадать
4020	1	1	спальня
4021	1	1	спеть
4022	1	1	специальность
4023	1	1	специфика
4024	1	1	специфический
4025	1	1	спиваться
4026	1	1	списывать
4027	1	1	спитой
4028	1	1	сплавщик
4029	1	1	сплошняком
4030	1	1	спокойствие
4031	1	1	справедливый
4032	1	1	справиться
4033	1	1	справляться
4034	1	1	справочник
4035	1	1	спрыскивать
4036	1	1	спрятать
4037	1	1	спрятаться
4038	1	1	спустить
4039	1	1	спятить
4040	1	1	сравнительный
4041	1	1	сравнить
4042	1	1	сразиться
4043	1	1	сробить
4044	1	1	ссориться
4045	1	1	ссщщ
4046	1	1	ставиться
4047	1	1	ставропольский
4048	1	1	стадо
4049	1	1	сталинград
4050	1	1	стандартный
4051	1	1	становиться
4052	1	1	станция
4053	1	1	старому
4054	1	1	статус
4055	1	1	статься
4056	1	1	стенка
4057	1	1	степан
4058	1	1	степанович
4059	1	1	стойка
4060	1	1	столкнуть
4061	1	1	стопка
4062	1	1	стори
4063	1	1	сторонник
4064	1	1	страничка
4065	1	1	стремительно
4066	1	1	стресс
4067	1	1	стрит
4068	1	1	строительный
4069	1	1	строиться
4070	1	1	стройка
4071	1	1	стройматериалы
4072	1	1	студент
4073	1	1	стульчик
4074	1	1	ступень
4075	1	1	стыдный
4076	1	1	стырить
4077	1	1	сугубо
4078	1	1	суд
4079	1	1	судебный
4080	1	1	судить
4081	1	1	сумка
4082	1	1	сунуть
4083	1	1	супер
4084	1	1	суперзвезда
4085	1	1	супружество
4086	1	1	суровый
4087	1	1	сурья
4088	1	1	сутки
4089	1	1	сухота
4090	1	1	сфотографировать
4091	1	1	сценарий
4092	1	1	сценка
4093	1	1	счастливый
4094	1	1	считанный
4095	1	1	сшшс
4096	1	1	съезд
4097	1	1	съезжать
4098	1	1	съесть
4099	1	1	съехать
4100	1	1	сыграть
4101	1	1	сыктывкарский
4102	1	1	сымать
4103	1	1	сырой
4104	1	1	сюды
4105	1	1	таблеточка
4106	1	1	таблица
4107	1	1	тады
4108	1	1	таз
4109	1	1	тай
4110	1	1	тайм
4111	1	1	таков
4112	1	1	талантливый
4113	1	1	талончик
4114	1	1	тальтия
4115	1	1	тамара
4116	1	1	тамбовский
4117	1	1	тамотко
4118	1	1	танк
4119	1	1	таня
4120	1	1	тар
4121	1	1	татарстан
4122	1	1	татьяна
4123	1	1	тварина
4124	1	1	тварь
4125	1	1	твердый
4126	1	1	творец
4127	1	1	твориться
4128	1	1	творческий
4129	1	1	творчество
4130	1	1	театр
4131	1	1	телевизионный
4132	1	1	телевизор
4133	1	1	телефонный
4134	1	1	тематика
4135	1	1	температура
4136	1	1	темрюкский
4137	1	1	теплякова
4138	1	1	терпение
4139	1	1	терпеть
4140	1	1	территория
4141	1	1	терять
4142	1	1	тест
4143	1	1	тестирование
4144	1	1	тетка
4145	1	1	техника
4146	1	1	течь
4147	1	1	типография
4148	1	1	тихонечко
4149	1	1	тканый
4150	1	1	ткнуть
4151	1	1	тнт
4152	1	1	толковый
4153	1	1	толсто
4154	1	1	толстый
4155	1	1	тольяттинский
4156	1	1	тонна
4157	1	1	торговля
4158	1	1	торговый
4159	1	1	тоскать
4160	1	1	точнее
4161	1	1	травить
4162	1	1	травма
4163	1	1	трамвайный
4164	1	1	трамплин
4165	1	1	трансплантация
4166	1	1	трезвый
4167	1	1	тренажер
4168	1	1	тренировка
4169	1	1	треугольник
4170	1	1	тридцатый
4171	1	1	троллейбусный
4172	1	1	тролль
4173	1	1	тротуар
4174	1	1	трофим
4175	1	1	тряпка
4176	1	1	туды
4177	1	1	туман
4178	1	1	туристический
4179	1	1	турок
4180	1	1	тусовка
4181	1	1	тутотка
4182	1	1	тушенка
4183	1	1	тыcяча
4184	1	1	тык
4185	1	1	тырдельник
4186	1	1	тюменский
4187	1	1	тянуться
4188	1	1	убедить
4189	1	1	убежать
4190	1	1	убираться
4191	1	1	убиться
4192	1	1	убрать
4193	1	1	уважать
4194	1	1	увилок
4195	1	1	увлекаться
4196	1	1	увозить
4197	1	1	увольнение
4198	1	1	увольнять
4199	1	1	углевод
4200	1	1	уговор
4201	1	1	угол
4202	1	1	угостить
4203	1	1	угрожать
4204	1	1	удалять
4205	1	1	удар
4206	1	1	ударение
4207	1	1	удаться
4208	1	1	уделить
4209	1	1	уделять
4210	1	1	удивительно
4211	1	1	удивительный
4212	1	1	удивляться
4213	1	1	удобный
4214	1	1	удовлетворить
4215	1	1	удовлетворять
4216	1	1	удовольствие
4217	1	1	удумать
4218	1	1	удуматься
4219	1	1	узенький
4220	1	1	указ
4221	1	1	указательный
4222	1	1	укладка
4223	1	1	уколоть
4224	1	1	улетать
4225	1	1	улететь
4226	1	1	улечься
4227	1	1	улочка
4228	1	1	улыбаться
4229	1	1	умар
4230	1	1	умудриться
4231	1	1	унеча
4232	1	1	упорно
4233	1	1	употреблять
4234	1	1	управление
4235	1	1	управляться
4236	1	1	упрек
4237	1	1	урал
4238	1	1	уродиться
4239	1	1	урочище
4240	1	1	усадьба
4241	1	1	усилие
4242	1	1	усилиться
4243	1	1	усиляться
4244	1	1	уследить
4245	1	1	условно
4246	1	1	успевать
4247	1	1	успешно
4248	1	1	успрашивать
4249	1	1	установить
4250	1	1	установление
4251	1	1	устойчивый
4252	1	1	устроиться
4253	1	1	устюжна
4254	1	1	усугубление
4255	1	1	усыновить
4256	1	1	утверждать
4257	1	1	утереть
4258	1	1	утерять
4259	1	1	утонуть
4260	1	1	утратить
4261	1	1	утренний
4262	1	1	утюг
4263	1	1	уфимец
4264	1	1	ухх
4265	1	1	участвовать
4266	1	1	участие
4267	1	1	участник
4268	1	1	участь
4269	1	1	ученый
4270	1	1	учительница
4271	1	1	учитывать
4272	1	1	учредитель
4273	1	1	учреждение
4274	1	1	уютный
4275	1	1	фаворит
4276	1	1	фай
4277	1	1	февраль
4278	1	1	федор
4279	1	1	фельдшер
4280	1	1	феодос
4281	1	1	фиаско
4282	1	1	фигня
4283	1	1	физико
4284	1	1	физкультура
4285	1	1	филармония
4286	1	1	финальный
4287	1	1	финишный
4288	1	1	фитилек
4289	1	1	фитнес
4290	1	1	флер
4291	1	1	фомичева
4292	1	1	форменный
4293	1	1	форсить
4294	1	1	фотографироваться
4295	1	1	фотокарточка
4296	1	1	франция
4297	1	1	фрукт
4298	1	1	функционал
4299	1	1	функция
4300	1	1	х
4301	1	1	хакимов
4302	1	1	халявный
4303	1	1	хамство
4304	1	1	хан
4305	1	1	характер
4306	1	1	характеристика
4307	1	1	харизма
4308	1	1	хасавюрт
4309	1	1	хаха
4310	1	1	хвалить
4311	1	1	хвататься
4312	1	1	хвать
4313	1	1	хвойный
4314	1	1	хвост
4315	1	1	хвостик
4316	1	1	хейтер
4317	1	1	хина
4318	1	1	хип
4319	1	1	хитрый
4320	1	1	хищнический
4321	1	1	хлебушек
4322	1	1	хлопнуть
4323	1	1	хмыкает
4324	1	1	хобби
4325	1	1	хово
4326	1	1	холодильник
4327	1	1	хоп
4328	1	1	хорева
4329	1	1	хореография
4330	1	1	хоронить
4331	1	1	хохотать
4332	1	1	хош
4333	1	1	хранение
4334	1	1	хрень
4335	1	1	хрр
4336	1	1	хрущевка
4337	1	1	хурма
4338	1	1	хутор
4339	1	1	ца
4340	1	1	царевич
4341	1	1	цвет
4342	1	1	цветастый
4343	1	1	цветок
4344	1	1	целенаправленно
4345	1	1	цель
4346	1	1	цен
4347	1	1	цеплять
4348	1	1	цепь
4349	1	1	церемониться
4350	1	1	цитировать
4351	1	1	цифровой
4352	1	1	цицерон
4353	1	1	цокает
4354	1	1	цыган
4355	1	1	цыплятки
4356	1	1	чапаев
4357	1	1	частица
4358	1	1	частично
4359	1	1	чашечка
4360	1	1	чашка
4361	1	1	чего
4362	1	1	челябинск
4363	1	1	чемпион
4364	1	1	череда
4365	1	1	черенков
4366	1	1	черкесия
4367	1	1	черный
4368	1	1	черпать
4369	1	1	черта
4370	1	1	честный
4371	1	1	четверть
4372	1	1	четко
4373	1	1	четырнадцатый
4374	1	1	чи
4375	1	1	чиновник
4376	1	1	чистка
4377	1	1	чисто
4378	1	1	читатель
4379	1	1	чокнуться
4380	1	1	чуваш
4381	1	1	чугун
4382	1	1	чудесный
4383	1	1	чудо
4384	1	1	чума
4385	1	1	чушь
4386	1	1	шара
4387	1	1	шарик
4388	1	1	шататься
4389	1	1	шевелить
4390	1	1	шелохнуться
4391	1	1	шелупиться
4392	1	1	шепотом
4393	1	1	шестнадцать
4394	1	1	шесток
4395	1	1	шестьсот
4396	1	1	шея
4397	1	1	шибко
4398	1	1	шимпанзе
4399	1	1	широкий
4400	1	1	шитова
4401	1	1	шихта
4402	1	1	школьный
4403	1	1	шляпа
4404	1	1	шнурок
4405	1	1	шок
4406	1	1	шоша
4407	1	1	штанга
4408	1	1	штукатурка
4409	1	1	штурм
4410	1	1	шулюшка
4411	1	1	шуметь
4412	1	1	шуруп
4413	1	1	шутиков
4414	1	1	щека
4415	1	1	щепалов
4416	1	1	щербакова
4417	1	1	щи
4418	1	1	щипать
4419	1	1	що
4420	1	1	эволюционировать
4421	1	1	эвэнт
4422	1	1	эи
4423	1	1	экономический
4424	1	1	экскаваторщик
4425	1	1	экстернат
4426	1	1	электронный
4427	1	1	элементарно
4428	1	1	элитарный
4429	1	1	эльза
4430	1	1	эмо
4431	1	1	эмоция
4432	1	1	энергия
4433	1	1	энтот
4434	1	1	эт
4435	1	1	этнографический
4436	1	1	этось
4437	1	1	эфир
4438	1	1	эх
4439	1	1	эхо
4440	1	1	ээх
4441	1	1	юбилейчик
4442	1	1	юбка
4443	1	1	юзефович
4444	1	1	юлить
4445	1	1	юля
4446	1	1	юноша
4447	1	1	юридический
4448	1	1	юрий
4449	1	1	ютуб
4450	1	1	явка
4451	1	1	ягиба
4452	1	1	ягода
4453	1	1	якибошна
4454	1	1	якименкова
4455	1	1	якубович
4456	1	1	якутск
4457	1	1	яма
4458	1	1	январь
4459	1	1	яркий
4460	1	1	ярко
4461	1	1	ярославский
4462	1	1	ячмень
